1	4.10E-10	370.765075	
1	5.17E-10	386.2321247	
1	6.51E-10	469.0685151	
1	8.20E-10	525.8173801	
1	1.03E-09	519.6024503	
1	1.30E-09	426.9992271	
1	1.64E-09	268.1065738	
1	2.07E-09	115.6914899	
1	2.60E-09	31.05789416	
1	3.28E-09	4.929299363	
1	4.13E-09	0.472707589	
1	5.21E-09	2.94E-02	
1	6.56E-09	1.27E-03	
1	8.27E-09	3.98E-05	
1	1.04E-08	9.26E-07	
1	1.31E-08	1.62E-08	
1	1.65E-08	2.16E-10	
1	2.08E-08	2.18E-12	
1	2.62E-08	1.69E-14	
1	3.31E-08	1.01E-16	
2	4.10E-10	448.9230544	
2	5.17E-10	467.5219685	
2	6.51E-10	567.6699716	
2	8.20E-10	636.2195068	
2	1.03E-09	628.5694102	
2	1.30E-09	516.4322608	
2	1.64E-09	324.1871868	
2	2.07E-09	139.8620927	
2	2.60E-09	37.540566	
2	3.28E-09	5.957597094	
2	4.13E-09	0.571295389	
2	5.21E-09	3.55E-02	
2	6.56E-09	1.53E-03	
2	8.27E-09	4.81E-05	
2	1.04E-08	1.12E-06	
2	1.31E-08	1.96E-08	
2	1.65E-08	2.61E-10	
2	2.08E-08	2.64E-12	
2	2.62E-08	2.04E-14	
2	3.31E-08	1.22E-16	
3	4.10E-10	522.0558241	
3	5.17E-10	543.2990214	
3	6.51E-10	659.310824	
3	8.20E-10	738.541689	
3	1.03E-09	729.2705812	
3	1.30E-09	598.8266716	
3	1.64E-09	375.6905825	
3	2.07E-09	161.9951642	
3	2.60E-09	43.46323574	
3	3.28E-09	6.895746576	
3	4.13E-09	0.661187774	
3	5.21E-09	4.11E-02	
3	6.56E-09	1.77E-03	
3	8.27E-09	5.56E-05	
3	1.04E-08	1.30E-06	
3	1.31E-08	2.27E-08	
3	1.65E-08	3.02E-10	
3	2.08E-08	3.05E-12	
3	2.62E-08	2.36E-14	
3	3.31E-08	1.41E-16	
4	4.10E-10	592.0208169	
4	5.17E-10	615.4492149	
4	6.51E-10	746.23522	
4	8.20E-10	835.2516679	
4	1.03E-09	824.0963982	
4	1.30E-09	676.1053148	
4	1.64E-09	423.7978331	
4	2.07E-09	182.5901311	
4	2.60E-09	48.95787651	
4	3.28E-09	7.764491611	
4	4.13E-09	0.744366072	
4	5.21E-09	4.63E-02	
4	6.56E-09	2.00E-03	
4	8.27E-09	6.26E-05	
4	1.04E-08	1.46E-06	
4	1.31E-08	2.56E-08	
4	1.65E-08	3.40E-10	
4	2.08E-08	3.44E-12	
4	2.62E-08	2.66E-14	
4	3.31E-08	1.58E-16	
5	4.10E-10	659.2261715	
5	5.17E-10	684.3384814	
5	6.51E-10	828.8319912	
5	8.20E-10	926.728038	
5	1.03E-09	913.3637576	
5	1.30E-09	748.4795739	
5	1.64E-09	468.6109523	
5	2.07E-09	201.6791753	
5	2.60E-09	54.03071775	
5	3.28E-09	8.564590694	
5	4.13E-09	0.820893999	
5	5.21E-09	5.10E-02	
5	6.56E-09	2.20E-03	
5	8.27E-09	6.91E-05	
5	1.04E-08	1.61E-06	
5	1.31E-08	2.82E-08	
5	1.65E-08	3.75E-10	
5	2.08E-08	3.79E-12	
5	2.62E-08	2.93E-14	
5	3.31E-08	1.75E-16	
6	4.10E-10	724.1458904	
6	5.17E-10	750.3931188	
6	6.51E-10	907.5560146	
6	8.20E-10	1013.416314	
6	1.03E-09	997.4490165	
6	1.30E-09	816.2044652	
6	1.64E-09	510.2564395	
6	2.07E-09	219.3040762	
6	2.60E-09	58.69039808	
6	3.28E-09	9.297171042	
6	4.13E-09	0.89087015	
6	5.21E-09	5.54E-02	
6	6.56E-09	2.39E-03	
6	8.27E-09	7.50E-05	
6	1.04E-08	1.75E-06	
6	1.31E-08	3.06E-08	
6	1.65E-08	4.07E-10	
6	2.08E-08	4.12E-12	
6	2.62E-08	3.18E-14	
6	3.31E-08	1.90E-16	
7	4.10E-10	786.9305634	
7	5.17E-10	813.6984181	
7	6.51E-10	982.444892	
7	8.20E-10	1095.291587	
7	1.03E-09	1076.261668	
7	1.30E-09	879.1503549	
7	1.64E-09	548.6192018	
7	2.07E-09	235.4025598	
7	2.60E-09	62.91770668	
7	3.28E-09	9.95895121	
7	4.13E-09	0.953970871	
7	5.21E-09	5.93E-02	
7	6.56E-09	2.56E-03	
7	8.27E-09	8.03E-05	
7	1.04E-08	1.87E-06	
7	1.31E-08	3.28E-08	
7	1.65E-08	4.36E-10	
7	2.08E-08	4.41E-12	
7	2.62E-08	3.41E-14	
7	3.31E-08	2.03E-16	
8	4.10E-10	847.9344653	
8	5.17E-10	874.5500477	
8	6.51E-10	1053.790969	
8	8.20E-10	1172.61447	
8	1.03E-09	1149.994172	
8	1.30E-09	937.4217867	
8	1.64E-09	583.7329054	
8	2.07E-09	249.9774954	
8	2.60E-09	66.71116945	
8	3.28E-09	10.54949276	
8	4.13E-09	1.010146337	
8	5.21E-09	6.28E-02	
8	6.56E-09	2.71E-03	
8	8.27E-09	8.50E-05	
8	1.04E-08	1.98E-06	
8	1.31E-08	3.47E-08	
8	1.65E-08	4.62E-10	
8	2.08E-08	4.67E-12	
8	2.62E-08	3.61E-14	
8	3.31E-08	2.15E-16	
9	4.10E-10	907.4921841	
9	5.17E-10	933.2229323	
9	6.51E-10	1121.862347	
9	8.20E-10	1245.620276	
9	1.03E-09	1218.816935	
9	1.30E-09	991.1088399	
9	1.64E-09	615.6252668	
9	2.07E-09	263.0307341	
9	2.60E-09	70.06941949	
9	3.28E-09	11.06841557	
9	4.13E-09	1.059354054	
9	5.21E-09	6.58E-02	
9	6.56E-09	2.84E-03	
9	8.27E-09	8.92E-05	
9	1.04E-08	2.08E-06	
9	1.31E-08	3.64E-08	
9	1.65E-08	4.84E-10	
9	2.08E-08	4.90E-12	
9	2.62E-08	3.78E-14	
9	3.31E-08	2.26E-16	
10	4.10E-10	966.1402296	
10	5.17E-10	990.202941	
10	6.51E-10	1187.185234	
10	8.20E-10	1314.836691	
10	1.03E-09	1283.193522	
10	1.30E-09	1040.547446	
10	1.64E-09	644.4824028	
10	2.07E-09	274.6344112	
10	2.60E-09	73.01042151	
10	3.28E-09	11.51845714	
10	4.13E-09	1.101852551	
10	5.21E-09	6.85E-02	
10	6.56E-09	2.96E-03	
10	8.27E-09	9.28E-05	
10	1.04E-08	2.16E-06	
10	1.31E-08	3.79E-08	
10	1.65E-08	5.04E-10	
10	2.08E-08	5.10E-12	
10	2.62E-08	3.94E-14	
10	3.31E-08	2.35E-16	
11	4.10E-10	1024.135983	
11	5.17E-10	1045.688797	
11	6.51E-10	1249.942114	
11	8.20E-10	1380.412464	
11	1.03E-09	1343.220833	
11	1.30E-09	1085.780381	
11	1.64E-09	670.3125359	
11	2.07E-09	284.786696	
11	2.60E-09	75.53293022	
11	3.28E-09	11.89937353	
11	4.13E-09	1.137617228	
11	5.21E-09	7.07E-02	
11	6.56E-09	3.06E-03	
11	8.27E-09	9.58E-05	
11	1.04E-08	2.23E-06	
11	1.31E-08	3.92E-08	
11	1.65E-08	5.20E-10	
11	2.08E-08	5.26E-12	
11	2.62E-08	4.07E-14	
11	3.31E-08	2.42E-16	
12	4.10E-10	1082.01079	
12	5.17E-10	1100.164563	
12	6.51E-10	1310.66364	
12	8.20E-10	1442.8896	
12	1.03E-09	1399.388795	
12	1.30E-09	1127.178687	
12	1.64E-09	693.3343541	
12	2.07E-09	293.5786518	
12	2.60E-09	77.66113057	
12	3.28E-09	12.21500882	
12	4.13E-09	1.167017641	
12	5.21E-09	7.25E-02	
12	6.56E-09	3.13E-03	
12	8.27E-09	9.83E-05	
12	1.04E-08	2.29E-06	
12	1.31E-08	4.02E-08	
12	1.65E-08	5.34E-10	
12	2.08E-08	5.40E-12	
12	2.62E-08	4.17E-14	
12	3.31E-08	2.49E-16	
13	4.10E-10	1140.033892	
13	5.17E-10	1153.843989	
13	6.51E-10	1369.556673	
13	8.20E-10	1502.453215	
13	1.03E-09	1451.84237	
13	1.30E-09	1164.838189	
13	1.64E-09	713.600048	
13	2.07E-09	301.0323457	
13	2.60E-09	79.40133755	
13	3.28E-09	12.46643828	
13	4.13E-09	1.190160594	
13	5.21E-09	7.40E-02	
13	6.56E-09	3.20E-03	
13	8.27E-09	1.00E-04	
13	1.04E-08	2.34E-06	
13	1.31E-08	4.10E-08	
13	1.65E-08	5.45E-10	
13	2.08E-08	5.51E-12	
13	2.62E-08	4.26E-14	
13	3.31E-08	2.54E-16	
14	4.10E-10	1198.707692	
14	5.17E-10	1207.182152	
14	6.51E-10	1427.121642	
14	8.20E-10	1559.61945	
14	1.03E-09	1501.057175	
14	1.30E-09	1199.131046	
14	1.64E-09	731.3392156	
14	2.07E-09	307.2482572	
14	2.60E-09	80.78135073	
14	3.28E-09	12.65819195	
14	4.13E-09	1.207485996	
14	5.21E-09	7.50E-02	
14	6.56E-09	3.24E-03	
14	8.27E-09	1.02E-04	
14	1.04E-08	2.37E-06	
14	1.31E-08	4.16E-08	
14	1.65E-08	5.53E-10	
14	2.08E-08	5.60E-12	
14	2.62E-08	4.32E-14	
14	3.31E-08	2.58E-16	
15	4.10E-10	1258.297761	
15	5.17E-10	1260.388074	
15	6.51E-10	1483.563025	
15	8.20E-10	1614.577285	
15	1.03E-09	1547.191934	
15	1.30E-09	1230.17622	
15	1.64E-09	746.6280925	
15	2.07E-09	312.2632214	
15	2.60E-09	81.81245612	
15	3.28E-09	12.79223713	
15	4.13E-09	1.219190371	
15	5.21E-09	7.57E-02	
15	6.56E-09	3.28E-03	
15	8.27E-09	1.03E-04	
15	1.04E-08	2.40E-06	
15	1.31E-08	4.21E-08	
15	1.65E-08	5.59E-10	
15	2.08E-08	5.66E-12	
15	2.62E-08	4.37E-14	
15	3.31E-08	2.60E-16	
16	4.10E-10	1319.219061	
16	5.17E-10	1313.825226	
16	6.51E-10	1539.273966	
16	8.20E-10	1667.729869	
16	1.03E-09	1590.62135	
16	1.30E-09	1258.275405	
16	1.64E-09	759.6618182	
16	2.07E-09	316.1672473	
16	2.60E-09	82.52062555	
16	3.28E-09	12.87291227	
16	4.13E-09	1.225699184	
16	5.21E-09	7.61E-02	
16	6.56E-09	3.29E-03	
16	8.27E-09	1.03E-04	
16	1.04E-08	2.41E-06	
16	1.31E-08	4.23E-08	
16	1.65E-08	5.63E-10	
16	2.08E-08	5.69E-12	
16	2.62E-08	4.39E-14	
16	3.31E-08	2.62E-16	
17	4.10E-10	1381.714158	
17	5.17E-10	1367.674993	
17	6.51E-10	1594.426728	
17	8.20E-10	1719.234845	
17	1.03E-09	1631.481565	
17	1.30E-09	1283.539458	
17	1.64E-09	770.5199519	
17	2.07E-09	319.0023864	
17	2.60E-09	82.91937946	
17	3.28E-09	12.90262147	
17	4.13E-09	1.227254087	
17	5.21E-09	7.62E-02	
17	6.56E-09	3.30E-03	
17	8.27E-09	1.04E-04	
17	1.04E-08	2.42E-06	
17	1.31E-08	4.24E-08	
17	1.65E-08	5.64E-10	
17	2.08E-08	5.70E-12	
17	2.62E-08	4.40E-14	
17	3.31E-08	2.62E-16	
18	4.10E-10	1446.110284	
18	5.17E-10	1422.207639	
18	6.51E-10	1649.304541	
18	8.20E-10	1769.378969	
18	1.03E-09	1670.042644	
18	1.30E-09	1306.196055	
18	1.64E-09	779.3602631	
18	2.07E-09	320.846422	
18	2.60E-09	83.03223089	
18	3.28E-09	12.88539109	
18	4.13E-09	1.224253608	
18	5.21E-09	7.60E-02	
18	6.56E-09	3.29E-03	
18	8.27E-09	1.03E-04	
18	1.04E-08	2.41E-06	
18	1.31E-08	4.23E-08	
18	1.65E-08	5.63E-10	
18	2.08E-08	5.69E-12	
18	2.62E-08	4.39E-14	
18	3.31E-08	2.62E-16	
19	4.10E-10	1512.689463	
19	5.17E-10	1477.635986	
19	6.51E-10	1704.114274	
19	8.20E-10	1818.358683	
19	1.03E-09	1706.482848	
19	1.30E-09	1326.397007	
19	1.64E-09	786.2934921	
19	2.07E-09	321.7572647	
19	2.60E-09	82.87745254	
19	3.28E-09	12.82442417	
19	4.13E-09	1.217017663	
19	5.21E-09	0.075574786	
19	6.56E-09	3.27E-03	
19	8.27E-09	1.03E-04	
19	1.04E-08	2.40E-06	
19	1.31E-08	4.21E-08	
19	1.65E-08	5.60E-10	
19	2.08E-08	5.66E-12	
19	2.62E-08	4.37E-14	
19	3.31E-08	2.60E-16	
20	4.10E-10	1581.713352	
20	5.17E-10	1534.157144	
20	6.51E-10	1759.05142	
20	8.20E-10	1866.367219	
20	1.03E-09	1740.988282	
20	1.30E-09	1344.311022	
20	1.64E-09	791.4477905	
20	2.07E-09	321.8028826	
20	2.60E-09	82.4764913	
20	3.28E-09	12.72346764	
20	4.13E-09	1.205919685	
20	5.21E-09	7.49E-02	
20	6.56E-09	3.24E-03	
20	8.27E-09	1.02E-04	
20	1.04E-08	2.38E-06	
20	1.31E-08	4.18E-08	
20	1.65E-08	5.55E-10	
20	2.08E-08	5.62E-12	
20	2.62E-08	4.33E-14	
20	3.31E-08	2.58E-16	
21	4.10E-10	1653.576042	
21	5.17E-10	1592.081099	
21	6.51E-10	1814.429015	
21	8.20E-10	1913.712037	
21	1.03E-09	1773.842995	
21	1.30E-09	1360.176507	
21	1.64E-09	794.9892106	
21	2.07E-09	321.0654859	
21	2.60E-09	81.85418353	
21	3.28E-09	12.58676326	
21	4.13E-09	1.191378873	
21	5.21E-09	0.073961666	
21	6.56E-09	3.20E-03	
21	8.27E-09	1.01E-04	
21	1.04E-08	2.35E-06	
21	1.31E-08	4.13E-08	
21	1.65E-08	5.49E-10	
21	2.08E-08	5.55E-12	
21	2.62E-08	4.28E-14	
21	3.31E-08	2.55E-16	
22	4.10E-10	1728.472711	
22	5.17E-10	1651.527602	
22	6.51E-10	1870.347614	
22	8.20E-10	1960.483025	
22	1.03E-09	1805.137827	
22	1.30E-09	1374.092266	
22	1.64E-09	797.0079113	
22	2.07E-09	319.5987593	
22	2.60E-09	81.02847802	
22	3.28E-09	12.41752456	
22	4.13E-09	1.17371806	
22	5.21E-09	7.29E-02	
22	6.56E-09	3.16E-03	
22	8.27E-09	9.93E-05	
22	1.04E-08	2.32E-06	
22	1.31E-08	4.08E-08	
22	1.65E-08	5.42E-10	
22	2.08E-08	5.48E-12	
22	2.62E-08	4.22E-14	
22	3.31E-08	2.51E-16	
23	4.10E-10	1806.963451	
23	5.17E-10	1712.947646	
23	6.51E-10	1927.269756	
23	8.20E-10	2007.137894	
23	1.03E-09	1835.292679	
23	1.30E-09	1386.400717	
23	1.64E-09	797.7314367	
23	2.07E-09	317.5098915	
23	2.60E-09	80.03051686	
23	3.28E-09	12.22094636	
23	4.13E-09	1.153445702	
23	5.21E-09	7.16E-02	
23	6.56E-09	3.10E-03	
23	8.27E-09	9.77E-05	
23	1.04E-08	2.28E-06	
23	1.31E-08	4.01E-08	
23	1.65E-08	5.33E-10	
23	2.08E-08	5.39E-12	
23	2.62E-08	4.15E-14	
23	3.31E-08	2.47E-16	
24	4.10E-10	1889.182665	
24	5.17E-10	1776.384187	
24	6.51E-10	1985.198279	
24	8.20E-10	2053.657234	
24	1.03E-09	1864.29483	
24	1.30E-09	1397.1218	
24	1.64E-09	797.2046311	
24	2.07E-09	314.8342604	
24	2.60E-09	78.87345255	
24	3.28E-09	11.99947905	
24	4.13E-09	1.130811017	
24	5.21E-09	7.02E-02	
24	6.56E-09	3.04E-03	
24	8.27E-09	9.58E-05	
24	1.04E-08	2.24E-06	
24	1.31E-08	3.93E-08	
24	1.65E-08	5.23E-10	
24	2.08E-08	5.29E-12	
24	2.62E-08	4.07E-14	
24	3.31E-08	2.42E-16	
25	4.10E-10	1975.818161	
25	5.17E-10	1842.382493	
25	6.51E-10	2044.684357	
25	8.20E-10	2100.577751	
25	1.03E-09	1892.62747	
25	1.30E-09	1406.640802	
25	1.64E-09	795.6770893	
25	2.07E-09	311.6864968	
25	2.60E-09	77.58989688	
25	3.28E-09	11.7584894	
25	4.13E-09	1.106336261	
25	5.21E-09	6.86E-02	
25	6.56E-09	2.98E-03	
25	8.27E-09	9.38E-05	
25	1.04E-08	2.19E-06	
25	1.31E-08	3.85E-08	
25	1.65E-08	5.12E-10	
25	2.08E-08	5.18E-12	
25	2.62E-08	3.99E-14	
25	3.31E-08	2.37E-16	
26	4.10E-10	2066.987602	
26	5.17E-10	1910.945582	
26	6.51E-10	2105.671826	
26	8.20E-10	2147.809087	
26	1.03E-09	1920.207964	
26	1.30E-09	1414.92299	
26	1.64E-09	793.1611713	
26	2.07E-09	308.0881648	
26	2.60E-09	76.18917671	
26	3.28E-09	11.49979509	
26	4.13E-09	1.080208606	
26	5.21E-09	6.70E-02	
26	6.56E-09	2.91E-03	
26	8.27E-09	9.17E-05	
26	1.04E-08	2.14E-06	
26	1.31E-08	3.77E-08	
26	1.65E-08	5.01E-10	
26	2.08E-08	5.06E-12	
26	2.62E-08	3.90E-14	
26	3.31E-08	2.31E-16	
27	4.10E-10	2163.514792	
27	5.17E-10	1982.710134	
27	6.51E-10	2168.789708	
27	8.20E-10	2195.949147	
27	1.03E-09	1947.560912	
27	1.30E-09	1422.375571	
27	1.64E-09	789.9136358	
27	2.07E-09	304.1542291	
27	2.60E-09	74.70332411	
27	3.28E-09	11.22859653	
27	4.13E-09	1.05293119	
27	5.21E-09	6.53E-02	
27	6.56E-09	2.83E-03	
27	8.27E-09	8.94E-05	
27	1.04E-08	2.09E-06	
27	1.31E-08	3.68E-08	
27	1.65E-08	4.89E-10	
27	2.08E-08	4.94E-12	
27	2.62E-08	3.80E-14	
27	3.31E-08	2.26E-16	
28	4.10E-10	2265.490154	
28	5.17E-10	2057.622941	
28	6.51E-10	2233.90133	
28	8.20E-10	2244.812309	
28	1.03E-09	1974.510547	
28	1.30E-09	1428.891026	
28	1.64E-09	785.9034128	
28	2.07E-09	299.8877683	
28	2.60E-09	73.13658109	
28	3.28E-09	10.94587812	
28	4.13E-09	1.024609887	
28	5.21E-09	6.35E-02	
28	6.56E-09	2.76E-03	
28	8.27E-09	8.70E-05	
28	1.04E-08	2.04E-06	
28	1.31E-08	3.58E-08	
28	1.65E-08	4.76E-10	
28	2.08E-08	4.81E-12	
28	2.62E-08	3.70E-14	
28	3.31E-08	2.19E-16	
29	4.10E-10	2373.711543	
29	5.17E-10	2136.25462	
29	6.51E-10	2301.536076	
29	8.20E-10	2294.874223	
29	1.03E-09	2001.457684	
29	1.30E-09	1434.776242	
29	1.64E-09	781.32556	
29	2.07E-09	295.3771403	
29	2.60E-09	71.51369245	
29	3.28E-09	10.65565761	
29	4.13E-09	0.995633132	
29	5.21E-09	6.17E-02	
29	6.56E-09	2.68E-03	
29	8.27E-09	8.46E-05	
29	1.04E-08	1.98E-06	
29	1.31E-08	3.48E-08	
29	1.65E-08	4.63E-10	
29	2.08E-08	4.68E-12	
29	2.62E-08	3.60E-14	
29	3.31E-08	2.13E-16	
30	4.10E-10	2488.236511	
30	5.17E-10	2218.488599	
30	6.51E-10	2371.470575	
30	8.20E-10	2345.851099	
30	1.03E-09	2028.13524	
30	1.30E-09	1439.856166	
30	1.64E-09	776.1106967	
30	2.07E-09	290.6096248	
30	2.60E-09	69.8346056	
30	3.28E-09	10.35821735	
30	4.13E-09	0.966038322	
30	5.21E-09	5.99E-02	
30	6.56E-09	2.60E-03	
30	8.27E-09	8.22E-05	
30	1.04E-08	1.92E-06	
30	1.31E-08	3.38E-08	
30	1.65E-08	4.50E-10	
30	2.08E-08	4.54E-12	
30	2.62E-08	3.49E-14	
30	3.31E-08	2.07E-16	
31	4.10E-10	2609.881716	
31	5.17E-10	2304.866351	
31	6.51E-10	2444.175344	
31	8.20E-10	2398.140035	
31	1.03E-09	2054.862733	
31	1.30E-09	1444.371923	
31	1.64E-09	770.4134055	
31	2.07E-09	285.6558344	
31	2.60E-09	68.11908769	
31	3.28E-09	10.05675296	
31	4.13E-09	0.936133565	
31	5.21E-09	5.80E-02	
31	6.56E-09	2.52E-03	
31	8.27E-09	7.97E-05	
31	1.04E-08	1.87E-06	
31	1.31E-08	3.28E-08	
31	1.65E-08	4.36E-10	
31	2.08E-08	4.40E-12	
31	2.62E-08	3.38E-14	
31	3.31E-08	2.00E-16	
32	4.10E-10	2738.662917	
32	5.17E-10	2395.1982	
32	6.51E-10	2519.332479	
32	8.20E-10	2451.355919	
32	1.03E-09	2081.284666	
32	1.30E-09	1448.087796	
32	1.64E-09	764.1323133	
32	2.07E-09	280.4904657	
32	2.60E-09	66.36372295	
32	3.28E-09	9.750998441	
32	4.13E-09	0.905902764	
32	5.21E-09	5.61E-02	
32	6.56E-09	2.44E-03	
32	8.27E-09	7.72E-05	
32	1.04E-08	1.81E-06	
32	1.31E-08	3.18E-08	
32	1.65E-08	4.23E-10	
32	2.08E-08	4.26E-12	
32	2.62E-08	3.28E-14	
32	3.31E-08	1.94E-16	
33	4.10E-10	2875.571554	
33	5.17E-10	2490.127818	
33	6.51E-10	2597.492149	
33	8.20E-10	2505.954828	
33	1.03E-09	2107.760178	
33	1.30E-09	1451.267097	
33	1.64E-09	757.4301014	
33	2.07E-09	275.1849545	
33	2.60E-09	64.58784251	
33	3.28E-09	9.444010109	
33	4.13E-09	0.875637808	
33	5.21E-09	5.42E-02	
33	6.56E-09	2.36E-03	
33	8.27E-09	7.46E-05	
33	1.04E-08	1.75E-06	
33	1.31E-08	3.08E-08	
33	1.65E-08	4.09E-10	
33	2.08E-08	4.12E-12	
33	2.62E-08	3.17E-14	
33	3.31E-08	1.87E-16	
34	4.10E-10	3020.558316	
34	5.17E-10	2589.367385	
34	6.51E-10	2678.216573	
34	8.20E-10	2561.428941	
34	1.03E-09	2133.83156	
34	1.30E-09	1453.607448	
34	1.64E-09	750.1720282	
34	2.07E-09	269.7014396	
34	2.60E-09	62.7847726	
34	3.28E-09	9.134999458	
34	4.13E-09	0.845271968	
34	5.21E-09	5.23E-02	
34	6.56E-09	2.28E-03	
34	8.27E-09	7.21E-05	
34	1.04E-08	1.69E-06	
34	1.31E-08	2.97E-08	
34	1.65E-08	3.95E-10	
34	2.08E-08	3.98E-12	
34	2.62E-08	3.06E-14	
34	3.31E-08	1.81E-16	
35	4.10E-10	3174.723396	
35	5.17E-10	2693.5937	
35	6.51E-10	2762.059188	
35	8.20E-10	2618.218065	
35	1.03E-09	2159.834481	
35	1.30E-09	1455.351511	
35	1.64E-09	742.5067705	
35	2.07E-09	264.1042121	
35	2.60E-09	60.97156265	
35	3.28E-09	8.826618339	
35	4.13E-09	0.815056594	
35	5.21E-09	5.05E-02	
35	6.56E-09	2.20E-03	
35	8.27E-09	6.96E-05	
35	1.04E-08	1.63E-06	
35	1.31E-08	2.87E-08	
35	1.65E-08	3.81E-10	
35	2.08E-08	3.84E-12	
35	2.62E-08	2.95E-14	
35	3.31E-08	1.74E-16	
36	4.10E-10	3338.007074	
36	5.17E-10	2802.464714	
36	6.51E-10	2848.511577	
36	8.20E-10	2675.745177	
36	1.03E-09	2185.260842	
36	1.30E-09	1456.171135	
36	1.64E-09	734.2900512	
36	2.07E-09	258.3522486	
36	2.60E-09	59.14062246	
36	3.28E-09	8.517912052	
36	4.13E-09	0.784907959	
36	5.21E-09	4.86E-02	
36	6.56E-09	2.12E-03	
36	8.27E-09	6.70E-05	
36	1.04E-08	1.57E-06	
36	1.31E-08	2.77E-08	
36	1.65E-08	3.67E-10	
36	2.08E-08	3.70E-12	
36	2.62E-08	2.84E-14	
36	3.31E-08	1.67E-16	
37	4.10E-10	3511.862576	
37	5.17E-10	2916.88316	
37	6.51E-10	2938.323304	
37	8.20E-10	2734.615109	
37	1.03E-09	2210.572762	
37	1.30E-09	1456.39	
37	1.64E-09	725.7086325	
37	2.07E-09	252.5212777	
37	2.60E-09	57.31103739	
37	3.28E-09	8.211758444	
37	4.13E-09	0.755095398	
37	5.21E-09	4.67E-02	
37	6.56E-09	2.04E-03	
37	8.27E-09	6.45E-05	
37	1.04E-08	1.51E-06	
37	1.31E-08	2.66E-08	
37	1.65E-08	3.54E-10	
37	2.08E-08	3.56E-12	
37	2.62E-08	2.73E-14	
37	3.31E-08	1.61E-16	
38	4.10E-10	3696.253216	
38	5.17E-10	3036.467701	
38	6.51E-10	3030.927111	
38	8.20E-10	2794.192388	
38	1.03E-09	2235.221502	
38	1.30E-09	1455.661214	
38	1.64E-09	716.6120744	
38	2.07E-09	246.5681257	
38	2.60E-09	55.47450565	
38	3.28E-09	7.907065914	
38	4.13E-09	0.725520954	
38	5.21E-09	4.49E-02	
38	6.56E-09	1.96E-03	
38	8.27E-09	6.20E-05	
38	1.04E-08	1.46E-06	
38	1.31E-08	2.56E-08	
38	1.65E-08	3.40E-10	
38	2.08E-08	3.42E-12	
38	2.62E-08	2.62E-14	
38	3.31E-08	1.54E-16	
39	4.10E-10	3892.705363	
39	5.17E-10	3162.090999	
39	6.51E-10	3127.000525	
39	8.20E-10	2854.991168	
39	1.03E-09	2259.585346	
39	1.30E-09	1454.248599	
39	1.64E-09	707.1536359	
39	2.07E-09	240.5545926	
39	2.60E-09	53.64633483	
39	3.28E-09	7.606103841	
39	4.13E-09	0.696395264	
39	5.21E-09	4.31E-02	
39	6.56E-09	1.88E-03	
39	8.27E-09	5.96E-05	
39	1.04E-08	1.40E-06	
39	1.31E-08	2.46E-08	
39	1.65E-08	3.26E-10	
39	2.08E-08	3.28E-12	
39	2.62E-08	2.51E-14	
39	3.31E-08	1.47E-16	
40	4.10E-10	4101.06282	
40	5.17E-10	3293.208052	
40	6.51E-10	3225.797231	
40	8.20E-10	2916.214025	
40	1.03E-09	2282.999962	
40	1.30E-09	1451.743102	
40	1.64E-09	697.1576268	
40	2.07E-09	234.4294223	
40	2.60E-09	51.81629878	
40	3.28E-09	7.307483931	
40	4.13E-09	0.667592053	
40	5.21E-09	4.13E-02	
40	6.56E-09	1.80E-03	
40	8.27E-09	5.71E-05	
40	1.04E-08	1.34E-06	
40	1.31E-08	2.36E-08	
40	1.65E-08	3.13E-10	
40	2.08E-08	3.15E-12	
40	2.62E-08	2.40E-14	
40	3.31E-08	1.41E-16	
41	4.10E-10	4323.040841	
41	5.17E-10	3430.74279	
41	6.51E-10	3328.004938	
41	8.20E-10	2978.365637	
41	1.03E-09	2305.83146	
41	1.30E-09	1448.400261	
41	1.64E-09	686.7714546	
41	2.07E-09	228.250715	
41	2.60E-09	49.99837997	
41	3.28E-09	7.013233256	
41	4.13E-09	0.639297591	
41	5.21E-09	3.95E-02	
41	6.56E-09	1.72E-03	
41	8.27E-09	5.47E-05	
41	1.04E-08	1.29E-06	
41	1.31E-08	2.26E-08	
41	1.65E-08	3.00E-10	
41	2.08E-08	3.01E-12	
41	2.62E-08	2.30E-14	
41	3.31E-08	1.35E-16	
42	4.10E-10	4558.527667	
42	5.17E-10	3574.111605	
42	6.51E-10	3432.827851	
42	8.20E-10	3040.614113	
42	1.03E-09	2327.409595	
42	1.30E-09	1443.824693	
42	1.64E-09	675.8328704	
42	2.07E-09	221.9726978	
42	2.60E-09	48.18352673	
42	3.28E-09	6.722114592	
42	4.13E-09	0.611398664	
42	5.21E-09	3.78E-02	
42	6.56E-09	1.65E-03	
42	8.27E-09	5.24E-05	
42	1.04E-08	1.23E-06	
42	1.31E-08	2.16E-08	
42	1.65E-08	2.87E-10	
42	2.08E-08	2.88E-12	
42	2.62E-08	2.19E-14	
42	3.31E-08	1.28E-16	
43	4.10E-10	4809.484093	
43	5.17E-10	3724.309872	
43	6.51E-10	3540.979051	
43	8.20E-10	3103.468841	
43	1.03E-09	2348.101425	
43	1.30E-09	1438.273046	
43	1.64E-09	664.4880081	
43	2.07E-09	215.6512981	
43	2.60E-09	46.38475734	
43	3.28E-09	6.435969046	
43	4.13E-09	0.584062628	
43	5.21E-09	3.61E-02	
43	6.56E-09	1.58E-03	
43	8.27E-09	5.00E-05	
43	1.04E-08	1.18E-06	
43	1.31E-08	2.07E-08	
43	1.65E-08	2.74E-10	
43	2.08E-08	2.74E-12	
43	2.62E-08	2.09E-14	
43	3.31E-08	1.22E-16	
44	4.10E-10	5075.738276	
44	5.17E-10	3880.615516	
44	6.51E-10	3651.519436	
44	8.20E-10	3165.986029	
44	1.03E-09	2367.176704	
44	1.30E-09	1431.332146	
44	1.64E-09	652.5733398	
44	2.07E-09	209.2412075	
44	2.60E-09	44.59307837	
44	3.28E-09	6.153554608	
44	4.13E-09	0.55717522	
44	5.21E-09	3.44E-02	
44	6.56E-09	1.50E-03	
44	8.27E-09	4.77E-05	
44	1.04E-08	1.12E-06	
44	1.31E-08	1.97E-08	
44	1.65E-08	2.61E-10	
44	2.08E-08	2.61E-12	
44	2.62E-08	1.99E-14	
44	3.31E-08	1.16E-16	
45	4.10E-10	5359.683599	
45	5.17E-10	4044.208533	
45	6.51E-10	3765.291222	
45	8.20E-10	3228.772386	
45	1.03E-09	2385.076397	
45	1.30E-09	1423.305775	
45	1.64E-09	640.2551194	
45	2.07E-09	202.8031481	
45	2.60E-09	42.82207684	
45	3.28E-09	5.876745619	
45	4.13E-09	0.530905114	
45	5.21E-09	0.032752682	
45	6.56E-09	1.43E-03	
45	8.27E-09	4.55E-05	
45	1.04E-08	1.07E-06	
45	1.31E-08	1.88E-08	
45	1.65E-08	2.48E-10	
45	2.08E-08	2.49E-12	
45	2.62E-08	1.89E-14	
45	3.31E-08	1.10E-16	
46	4.10E-10	5661.484712	
46	5.17E-10	4214.50161	
46	6.51E-10	3881.468291	
46	8.20E-10	3290.997795	
46	1.03E-09	2401.181788	
46	1.30E-09	1413.86681	
46	1.64E-09	627.4148837	
46	2.07E-09	196.3066836	
46	2.60E-09	41.06582487	
46	3.28E-09	5.604707442	
46	4.13E-09	0.505174277	
46	5.21E-09	3.12E-02	
46	6.56E-09	1.36E-03	
46	8.27E-09	4.33E-05	
46	1.04E-08	1.02E-06	
46	1.31E-08	1.79E-08	
46	1.65E-08	2.36E-10	
46	2.08E-08	2.36E-12	
46	2.62E-08	1.79E-14	
46	3.31E-08	1.04E-16	
47	4.10E-10	5984.464982	
47	5.17E-10	4393.171539	
47	6.51E-10	4001.292891	
47	8.20E-10	3353.586711	
47	1.03E-09	2416.162349	
47	1.30E-09	1403.45227	
47	1.64E-09	614.274398	
47	2.07E-09	189.8276003	
47	2.60E-09	39.34053168	
47	3.28E-09	5.339623889	
47	4.13E-09	0.480177547	
47	5.21E-09	2.96E-02	
47	6.56E-09	1.29E-03	
47	8.27E-09	4.12E-05	
47	1.04E-08	9.67E-07	
47	1.31E-08	1.70E-08	
47	1.65E-08	2.24E-10	
47	2.08E-08	2.24E-12	
47	2.62E-08	1.69E-14	
47	3.31E-08	9.82E-17	
48	4.10E-10	6329.306753	
48	5.17E-10	4579.834278	
48	6.51E-10	4124.087494	
48	8.20E-10	3415.833685	
48	1.03E-09	2429.503926	
48	1.30E-09	1391.805734	
48	1.64E-09	600.7475009	
48	2.07E-09	183.3445891	
48	2.60E-09	37.64187952	
48	3.28E-09	5.080851542	
48	4.13E-09	0.455853059	
48	5.21E-09	2.81E-02	
48	6.56E-09	1.23E-03	
48	8.27E-09	3.91E-05	
48	1.04E-08	9.18E-07	
48	1.31E-08	1.61E-08	
48	1.65E-08	2.12E-10	
48	2.08E-08	2.12E-12	
48	2.62E-08	1.60E-14	
48	3.31E-08	9.25E-17	
49	4.10E-10	6699.652373	
49	5.17E-10	4776.131608	
49	6.51E-10	4250.977776	
49	8.20E-10	3478.527425	
49	1.03E-09	2441.763824	
49	1.30E-09	1379.290464	
49	1.64E-09	587.0166662	
49	2.07E-09	176.9181775	
49	2.60E-09	35.9823069	
49	3.28E-09	4.830011653	
49	4.13E-09	0.432343317	
49	5.21E-09	2.66E-02	
49	6.56E-09	1.16E-03	
49	8.27E-09	3.70E-05	
49	1.04E-08	8.70E-07	
49	1.31E-08	1.53E-08	
49	1.65E-08	2.01E-10	
49	2.08E-08	2.00E-12	
49	2.62E-08	1.51E-14	
49	3.31E-08	8.70E-17	
50	4.10E-10	7096.303326	
50	5.17E-10	4981.631633	
50	6.51E-10	4381.193708	
50	8.20E-10	3540.882269	
50	1.03E-09	2452.384314	
50	1.30E-09	1365.633521	
50	1.64E-09	572.9889884	
50	2.07E-09	170.5239838	
50	2.60E-09	34.35660284	
50	3.28E-09	4.586317993	
50	4.13E-09	0.409572872	
50	5.21E-09	2.52E-02	
50	6.56E-09	1.10E-03	
50	8.27E-09	3.51E-05	
50	1.04E-08	8.24E-07	
50	1.31E-08	1.44E-08	
50	1.65E-08	1.90E-10	
50	2.08E-08	1.89E-12	
50	2.62E-08	1.42E-14	
50	3.31E-08	8.17E-17	
51	4.10E-10	7522.591828	
51	5.17E-10	5197.495935	
51	6.51E-10	4515.350156	
51	8.20E-10	3603.240498	
51	1.03E-09	2461.604607	
51	1.30E-09	1351.015471	
51	1.64E-09	558.7645373	
51	2.07E-09	164.1953889	
51	2.60E-09	32.77124642	
51	3.28E-09	4.350557996	
51	4.13E-09	0.387608535	
51	5.21E-09	2.38E-02	
51	6.56E-09	1.04E-03	
51	8.27E-09	3.32E-05	
51	1.04E-08	7.79E-07	
51	1.31E-08	1.36E-08	
51	1.65E-08	1.79E-10	
51	2.08E-08	1.78E-12	
51	2.62E-08	1.33E-14	
51	3.31E-08	7.65E-17	
52	4.10E-10	7979.119058	
52	5.17E-10	5423.320861	
52	6.51E-10	4652.663345	
52	8.20E-10	3664.819149	
52	1.03E-09	2468.896561	
52	1.30E-09	1335.195605	
52	1.64E-09	544.2669941	
52	2.07E-09	157.9127265	
52	2.60E-09	31.22186905	
52	3.28E-09	4.12205042	
52	4.13E-09	0.36638405	
52	5.21E-09	2.25E-02	
52	6.56E-09	9.85E-04	
52	8.27E-09	3.13E-05	
52	1.04E-08	7.35E-07	
52	1.31E-08	1.29E-08	
52	1.65E-08	1.69E-10	
52	2.08E-08	1.67E-12	
52	2.62E-08	1.25E-14	
52	3.31E-08	7.15E-17	
53	4.10E-10	8468.778625	
53	5.17E-10	5659.752882	
53	6.51E-10	4793.230544	
53	8.20E-10	3725.53964	
53	1.03E-09	2474.223619	
53	1.30E-09	1318.208588	
53	1.64E-09	529.5345823	
53	2.07E-09	151.6898165	
53	2.60E-09	29.71078125	
53	3.28E-09	3.901011561	
53	4.13E-09	0.345914941	
53	5.21E-09	2.13E-02	
53	6.56E-09	9.29E-04	
53	8.27E-09	2.96E-05	
53	1.04E-08	6.93E-07	
53	1.31E-08	1.21E-08	
53	1.65E-08	1.59E-10	
53	2.08E-08	1.57E-12	
53	2.62E-08	1.17E-14	
53	3.31E-08	6.67E-17	
54	4.10E-10	8991.549249	
54	5.17E-10	5906.33764	
54	6.51E-10	4936.200485	
54	8.20E-10	3784.600184	
54	1.03E-09	2477.086866	
54	1.30E-09	1299.850919	
54	1.64E-09	514.5106657	
54	2.07E-09	145.5128505	
54	2.60E-09	28.23474071	
54	3.28E-09	3.686908899	
54	4.13E-09	0.326148284	
54	5.21E-09	2.00E-02	
54	6.56E-09	8.75E-04	
54	8.27E-09	2.78E-05	
54	1.04E-08	6.52E-07	
54	1.31E-08	1.14E-08	
54	1.65E-08	1.49E-10	
54	2.08E-08	1.47E-12	
54	2.62E-08	1.09E-14	
54	3.31E-08	6.20E-17	
55	4.10E-10	9550.149681	
55	5.17E-10	6163.292088	
55	6.51E-10	5081.257865	
55	8.20E-10	3841.620857	
55	1.03E-09	2477.28011	
55	1.30E-09	1280.080481	
55	1.64E-09	499.2036733	
55	2.07E-09	139.3864125	
55	2.60E-09	26.79411075	
55	3.28E-09	3.479696893	
55	4.13E-09	0.307076459	
55	5.21E-09	1.88E-02	
55	6.56E-09	8.23E-04	
55	8.27E-09	2.62E-05	
55	1.04E-08	6.13E-07	
55	1.31E-08	1.07E-08	
55	1.65E-08	1.39E-10	
55	2.08E-08	1.37E-12	
55	2.62E-08	1.02E-14	
55	3.31E-08	5.75E-17	
56	4.10E-10	10144.61874	
56	5.17E-10	6430.263538	
56	6.51E-10	5227.627665	
56	8.20E-10	3895.912944	
56	1.03E-09	2474.431392	
56	1.30E-09	1258.78408	
56	1.64E-09	483.5970012	
56	2.07E-09	133.3080662	
56	2.60E-09	25.38782562	
56	3.28E-09	3.279128524	
56	4.13E-09	0.288671972	
56	5.21E-09	1.77E-02	
56	6.56E-09	7.73E-04	
56	8.27E-09	2.46E-05	
56	1.04E-08	5.75E-07	
56	1.31E-08	1.00E-08	
56	1.65E-08	1.30E-10	
56	2.08E-08	1.28E-12	
56	2.62E-08	9.43E-15	
56	3.31E-08	5.31E-17	
57	4.10E-10	10779.25248	
57	5.17E-10	6707.946416	
57	6.51E-10	5375.346421	
57	8.20E-10	3947.396476	
57	1.03E-09	2468.565365	
57	1.30E-09	1236.052688	
57	1.64E-09	467.7512505	
57	2.07E-09	127.2961058	
57	2.60E-09	24.01874722	
57	3.28E-09	3.085478129	
57	4.13E-09	0.270955595	
57	5.21E-09	0.016592001	
57	6.56E-09	7.25E-04	
57	8.27E-09	2.30E-05	
57	1.04E-08	5.38E-07	
57	1.31E-08	9.34E-09	
57	1.65E-08	1.21E-10	
57	2.08E-08	1.19E-12	
57	2.62E-08	8.72E-15	
57	3.31E-08	4.89E-17	
58	4.10E-10	11455.03357	
58	5.17E-10	6996.16842	
58	6.51E-10	5523.759095	
58	8.20E-10	3995.519741	
58	1.03E-09	2459.439987	
58	1.30E-09	1211.853183	
58	1.64E-09	451.6802558	
58	2.07E-09	121.3554578	
58	2.60E-09	22.68705261	
58	3.28E-09	2.898651845	
58	4.13E-09	0.253913161	
58	5.21E-09	1.55E-02	
58	6.56E-09	6.78E-04	
58	8.27E-09	2.15E-05	
58	1.04E-08	5.02E-07	
58	1.31E-08	8.70E-09	
58	1.65E-08	1.13E-10	
58	2.08E-08	1.10E-12	
58	2.62E-08	8.04E-15	
58	3.31E-08	4.48E-17	
59	4.10E-10	12176.92598	
59	5.17E-10	7295.30737	
59	6.51E-10	5672.603005	
59	8.20E-10	4040.021065	
59	1.03E-09	2447.001225	
59	1.30E-09	1186.245758	
59	1.64E-09	435.4306928	
59	2.07E-09	115.4992787	
59	2.60E-09	21.39445794	
59	3.28E-09	2.718770626	
59	4.13E-09	0.237552079	
59	5.21E-09	1.45E-02	
59	6.56E-09	6.33E-04	
59	8.27E-09	2.01E-05	
59	1.04E-08	4.68E-07	
59	1.31E-08	8.09E-09	
59	1.65E-08	1.05E-10	
59	2.08E-08	1.01E-12	
59	2.62E-08	7.39E-15	
59	3.31E-08	4.10E-17	
60	4.10E-10	12945.28897	
60	5.17E-10	7605.212356	
60	6.51E-10	5821.226748	
60	8.20E-10	4080.412484	
60	1.03E-09	2431.091136	
60	1.30E-09	1159.249485	
60	1.64E-09	419.0338131	
60	2.07E-09	109.7358899	
60	2.60E-09	20.1416107	
60	3.28E-09	2.545794225	
60	4.13E-09	0.22186275	
60	5.21E-09	1.35E-02	
60	6.56E-09	5.90E-04	
60	8.27E-09	1.87E-05	
60	1.04E-08	4.35E-07	
60	1.31E-08	7.50E-09	
60	1.65E-08	9.66E-11	
60	2.08E-08	9.33E-13	
60	2.62E-08	6.77E-15	
60	3.31E-08	3.73E-17	
61	4.10E-10	13765.46864	
61	5.17E-10	7924.708189	
61	6.51E-10	5968.160964	
61	8.20E-10	4115.645247	
61	1.03E-09	2411.227796	
61	1.30E-09	1130.72834	
61	1.64E-09	402.4624613	
61	2.07E-09	104.057784	
61	2.60E-09	18.92628959	
61	3.28E-09	2.379343301	
61	4.13E-09	0.206809247	
61	5.21E-09	1.26E-02	
61	6.56E-09	5.49E-04	
61	8.27E-09	1.74E-05	
61	1.04E-08	4.03E-07	
61	1.31E-08	6.94E-09	
61	1.65E-08	8.90E-11	
61	2.08E-08	8.56E-13	
61	2.62E-08	6.17E-15	
61	3.31E-08	3.37E-17	
62	4.10E-10	14642.25062	
62	5.17E-10	8252.4864	
62	6.51E-10	6111.958075	
62	8.20E-10	4144.800371	
62	1.03E-09	2387.070899	
62	1.30E-09	1100.634169	
62	1.64E-09	385.7240208	
62	2.07E-09	98.46642745	
62	2.60E-09	17.74783435	
62	3.28E-09	2.219215023	
62	4.13E-09	0.192368011	
62	5.21E-09	1.17E-02	
62	6.56E-09	5.09E-04	
62	8.27E-09	1.61E-05	
62	1.04E-08	3.73E-07	
62	1.31E-08	6.39E-09	
62	1.65E-08	8.17E-11	
62	2.08E-08	7.81E-13	
62	2.62E-08	5.60E-15	
62	3.31E-08	3.04E-17	
63	4.10E-10	15578.31842	
63	5.17E-10	8585.806975	
63	6.51E-10	6250.120068	
63	8.20E-10	4166.281413	
63	1.03E-09	2357.907025	
63	1.30E-09	1068.746992	
63	1.64E-09	368.7635238	
63	2.07E-09	92.94701581	
63	2.60E-09	16.60273731	
63	3.28E-09	2.064880466	
63	4.13E-09	0.17849103	
63	5.21E-09	1.08E-02	
63	6.56E-09	4.71E-04	
63	8.27E-09	1.48E-05	
63	1.04E-08	3.43E-07	
63	1.31E-08	5.87E-09	
63	1.65E-08	7.47E-11	
63	2.08E-08	7.10E-13	
63	2.62E-08	5.05E-15	
63	3.31E-08	2.72E-17	
64	4.10E-10	16575.37626	
64	5.17E-10	8923.020597	
64	6.51E-10	6381.19831	
64	8.20E-10	4179.376996	
64	1.03E-09	2323.618621	
64	1.30E-09	1035.146923	
64	1.64E-09	351.6347367	
64	2.07E-09	87.51254094	
64	2.60E-09	15.49241783	
64	3.28E-09	1.916403481	
64	4.13E-09	0.165178213	
64	5.21E-09	1.00E-02	
64	6.56E-09	4.35E-04	
64	8.27E-09	1.37E-05	
64	1.04E-08	3.15E-07	
64	1.31E-08	5.37E-09	
64	1.65E-08	6.80E-11	
64	2.08E-08	6.42E-13	
64	2.62E-08	4.53E-15	
64	3.31E-08	2.41E-17	
65	4.10E-10	17641.99116	
65	5.17E-10	9264.149767	
65	6.51E-10	6504.94553	
65	8.20E-10	4184.175802	
65	1.03E-09	2284.528074	
65	1.30E-09	1000.097906	
65	1.64E-09	334.4479376	
65	2.07E-09	82.18908253	
65	2.60E-09	14.42064665	
65	3.28E-09	1.774168154	
65	4.13E-09	0.15246122	
65	5.21E-09	9.23E-03	
65	6.56E-09	4.00E-04	
65	8.27E-09	1.25E-05	
65	1.04E-08	2.88E-07	
65	1.31E-08	4.89E-09	
65	1.65E-08	6.16E-11	
65	2.08E-08	5.78E-13	
65	2.62E-08	4.04E-15	
65	3.31E-08	2.13E-17	
66	4.10E-10	18780.52875	
66	5.17E-10	9608.042015	
66	6.51E-10	6620.484656	
66	8.20E-10	4180.478131	
66	1.03E-09	2240.842621	
66	1.30E-09	963.8163921	
66	1.64E-09	317.2939257	
66	2.07E-09	76.99654488	
66	2.60E-09	13.38984081	
66	3.28E-09	1.638351773	
66	4.13E-09	0.140349329	
66	5.21E-09	8.48E-03	
66	6.56E-09	3.66E-04	
66	8.27E-09	1.15E-05	
66	1.04E-08	2.62E-07	
66	1.31E-08	4.43E-09	
66	1.65E-08	5.55E-11	
66	2.08E-08	5.16E-13	
66	2.62E-08	3.58E-15	
66	3.31E-08	1.86E-17	
67	4.10E-10	20005.8921	
67	5.17E-10	9955.619862	
67	6.51E-10	6728.395401	
67	8.20E-10	4169.011314	
67	1.03E-09	2193.25253	
67	1.30E-09	926.710845	
67	1.64E-09	300.3207336	
67	2.07E-09	71.96804183	
67	2.60E-09	12.40482234	
67	3.28E-09	1.509463804	
67	4.13E-09	0.128885113	
67	5.21E-09	7.77E-03	
67	6.56E-09	3.35E-04	
67	8.27E-09	1.04E-05	
67	1.04E-08	2.38E-07	
67	1.31E-08	4.00E-09	
67	1.65E-08	4.97E-11	
67	2.08E-08	4.59E-13	
67	2.62E-08	3.15E-15	
67	3.31E-08	1.62E-17	
68	4.10E-10	21318.96172	
68	5.17E-10	10305.78264	
68	6.51E-10	6828.039514	
68	8.20E-10	4149.806038	
68	1.03E-09	2142.081869	
68	1.30E-09	889.0188854	
68	1.64E-09	283.6121902	
68	2.07E-09	67.11899599	
68	2.60E-09	11.46697728	
68	3.28E-09	1.387543606	
68	4.13E-09	0.11806544	
68	5.21E-09	7.10E-03	
68	6.56E-09	3.05E-04	
68	8.27E-09	9.49E-06	
68	1.04E-08	2.15E-07	
68	1.31E-08	3.59E-09	
68	1.65E-08	4.43E-11	
68	2.08E-08	4.05E-13	
68	2.62E-08	2.75E-15	
68	3.31E-08	1.39E-17	
69	4.10E-10	22743.7545	
69	5.17E-10	10662.92656	
69	6.51E-10	6922.514325	
69	8.20E-10	4125.19128	
69	1.03E-09	2088.834547	
69	1.30E-09	851.4568479	
69	1.64E-09	267.4016313	
69	2.07E-09	62.50037883	
69	2.60E-09	10.58400703	
69	3.28E-09	1.273445066	
69	4.13E-09	0.107962166	
69	5.21E-09	6.47E-03	
69	6.56E-09	2.77E-04	
69	8.27E-09	8.59E-06	
69	1.04E-08	1.94E-07	
69	1.31E-08	3.22E-09	
69	1.65E-08	3.93E-11	
69	2.08E-08	3.56E-13	
69	2.62E-08	2.38E-15	
69	3.31E-08	1.18E-17	
70	4.10E-10	24279.94301	
70	5.17E-10	11026.08416	
70	6.51E-10	7011.334979	
70	8.20E-10	4095.246711	
70	1.03E-09	2033.781768	
70	1.30E-09	814.1863114	
70	1.64E-09	251.730102	
70	2.07E-09	58.11432982	
70	2.60E-09	9.754764328	
70	3.28E-09	1.166888104	
70	4.13E-09	9.85E-02	
70	5.21E-09	5.89E-03	
70	6.56E-09	2.51E-04	
70	8.27E-09	7.75E-06	
70	1.04E-08	1.74E-07	
70	1.31E-08	2.86E-09	
70	1.65E-08	3.47E-11	
70	2.08E-08	3.10E-13	
70	2.62E-08	2.04E-15	
70	3.31E-08	9.99E-18	
71	4.10E-10	25945.04844	
71	5.17E-10	11393.75127	
71	6.51E-10	7093.931613	
71	8.20E-10	4060.114203	
71	1.03E-09	1977.26143	
71	1.30E-09	777.4043321	
71	1.64E-09	236.6534203	
71	2.07E-09	53.96814606	
71	2.60E-09	8.9794194	
71	3.28E-09	1.067817719	
71	4.13E-09	8.98E-02	
71	5.21E-09	5.35E-03	
71	6.56E-09	2.27E-04	
71	8.27E-09	6.97E-06	
71	1.04E-08	1.56E-07	
71	1.31E-08	2.54E-09	
71	1.65E-08	3.04E-11	
71	2.08E-08	2.68E-13	
71	2.62E-08	1.74E-15	
71	3.31E-08	8.35E-18	
72	4.10E-10	27714.04975	
72	5.17E-10	11760.81136	
72	6.51E-10	7167.535383	
72	8.20E-10	4018.633081	
72	1.03E-09	1918.915115	
72	1.30E-09	740.9960221	
72	1.64E-09	222.1192573	
72	2.07E-09	50.04160848	
72	2.60E-09	8.25310411	
72	3.28E-09	0.975517343	
72	4.13E-09	8.17E-02	
72	5.21E-09	4.85E-03	
72	6.56E-09	2.05E-04	
72	8.27E-09	6.25E-06	
72	1.04E-08	1.38E-07	
72	1.31E-08	2.24E-09	
72	1.65E-08	2.65E-11	
72	2.08E-08	2.30E-13	
72	2.62E-08	1.47E-15	
72	3.31E-08	6.98E-18	
73	4.10E-10	29592.41041	
73	5.17E-10	12118.95965	
73	6.51E-10	7227.94513	
73	8.20E-10	3969.077657	
73	1.03E-09	1858.204517	
73	1.30E-09	704.8065155	
73	1.64E-09	208.0732988	
73	2.07E-09	46.31702594	
73	2.60E-09	7.571972351	
73	3.28E-09	0.889472003	
73	4.13E-09	7.41E-02	
73	5.21E-09	4.38E-03	
73	6.56E-09	1.84E-04	
73	8.27E-09	5.58E-06	
73	1.04E-08	1.23E-07	
73	1.31E-08	1.96E-09	
73	1.65E-08	2.29E-11	
73	2.08E-08	1.96E-13	
73	2.62E-08	1.23E-15	
73	3.31E-08	5.84E-18	
74	4.10E-10	31538.40742	
74	5.17E-10	12461.05888	
74	6.51E-10	7271.931835	
74	8.20E-10	3910.316538	
74	1.03E-09	1794.847488	
74	1.30E-09	668.754174	
74	1.64E-09	194.473733	
74	2.07E-09	42.77737208	
74	2.60E-09	6.931899661	
74	3.28E-09	0.809075207	
74	4.13E-09	6.71E-02	
74	5.21E-09	3.94E-03	
74	6.56E-09	1.65E-04	
74	8.27E-09	4.96E-06	
74	1.04E-08	1.08E-07	
74	1.31E-08	1.71E-09	
74	1.65E-08	1.96E-11	
74	2.08E-08	1.65E-13	
74	2.62E-08	1.02E-15	
74	3.31E-08	4.89E-18	
75	4.10E-10	33548.17557	
75	5.17E-10	12775.15753	
75	6.51E-10	7294.012621	
75	8.20E-10	3840.25249	
75	1.03E-09	1728.202664	
75	1.30E-09	632.6505262	
75	1.64E-09	181.2573592	
75	2.07E-09	39.40387487	
75	2.60E-09	6.32908706	
75	3.28E-09	0.733841474	
75	4.13E-09	6.05E-02	
75	5.21E-09	3.54E-03	
75	6.56E-09	1.47E-04	
75	8.27E-09	4.39E-06	
75	1.04E-08	9.44E-08	
75	1.31E-08	1.47E-09	
75	1.65E-08	1.67E-11	
75	2.08E-08	1.38E-13	
75	2.62E-08	8.56E-16	
75	3.31E-08	4.09E-18	
76	4.10E-10	35533.77087	
76	5.17E-10	13052.46494	
76	6.51E-10	7290.892131	
76	8.20E-10	3758.04175	
76	1.03E-09	1658.179702	
76	1.30E-09	596.4875589	
76	1.64E-09	168.4044002	
76	2.07E-09	36.18518623	
76	2.60E-09	5.760533539	
76	3.28E-09	0.663315855	
76	4.13E-09	5.44E-02	
76	5.21E-09	3.16E-03	
76	6.56E-09	1.30E-04	
76	8.27E-09	3.85E-06	
76	1.04E-08	8.19E-08	
76	1.31E-08	1.26E-09	
76	1.65E-08	1.40E-11	
76	2.08E-08	1.15E-13	
76	2.62E-08	7.15E-16	
76	3.31E-08	3.42E-18	
77	4.10E-10	37489.81176	
77	5.17E-10	13281.36867	
77	6.51E-10	7258.190217	
77	8.20E-10	3662.488714	
77	1.03E-09	1584.595336	
77	1.30E-09	560.2445108	
77	1.64E-09	155.9001309	
77	2.07E-09	33.11388858	
77	2.60E-09	5.224467398	
77	3.28E-09	0.597269897	
77	4.13E-09	4.86E-02	
77	5.21E-09	2.80E-03	
77	6.56E-09	1.15E-04	
77	8.27E-09	3.36E-06	
77	1.04E-08	7.05E-08	
77	1.31E-08	1.07E-09	
77	1.65E-08	1.17E-11	
77	2.08E-08	9.57E-14	
77	2.62E-08	5.97E-16	
77	3.31E-08	2.86E-18	
78	4.10E-10	39301.98447	
78	5.17E-10	13454.06817	
78	6.51E-10	7193.869406	
78	8.20E-10	3553.610537	
78	1.03E-09	1507.743488	
78	1.30E-09	524.0377118	
78	1.64E-09	143.7574785	
78	2.07E-09	30.18599156	
78	2.60E-09	4.719190191	
78	3.28E-09	0.535412429	
78	4.13E-09	4.33E-02	
78	5.21E-09	2.48E-03	
78	6.56E-09	1.00E-04	
78	8.27E-09	2.90E-06	
78	1.04E-08	6.00E-08	
78	1.31E-08	8.91E-10	
78	1.65E-08	9.69E-12	
78	2.08E-08	7.97E-14	
78	2.62E-08	4.98E-16	
78	3.31E-08	2.39E-18	
79	4.10E-10	40962.79937	
79	5.17E-10	13561.7853	
79	6.51E-10	7095.687941	
79	8.20E-10	3431.448688	
79	1.03E-09	1427.960676	
79	1.30E-09	488.0127703	
79	1.64E-09	132.0054418	
79	2.07E-09	27.40370831	
79	2.60E-09	4.244584541	
79	3.28E-09	0.477719261	
79	4.13E-09	0.038320781	
79	5.21E-09	2.17E-03	
79	6.56E-09	8.72E-05	
79	8.27E-09	2.49E-06	
79	1.04E-08	5.06E-08	
79	1.31E-08	7.40E-10	
79	1.65E-08	8.05E-12	
79	2.08E-08	6.63E-14	
79	2.62E-08	4.15E-16	
79	3.31E-08	1.99E-18	
80	4.10E-10	42343.95757	
80	5.17E-10	13597.95932	
80	6.51E-10	6962.576255	
80	8.20E-10	3296.51603	
80	1.03E-09	1345.684767	
80	1.30E-09	452.3063624	
80	1.64E-09	120.6577766	
80	2.07E-09	24.76319611	
80	2.60E-09	3.799050846	
80	3.28E-09	0.423918362	
80	4.13E-09	3.37E-02	
80	5.21E-09	1.89E-03	
80	6.56E-09	7.51E-05	
80	8.27E-09	2.11E-06	
80	1.04E-08	4.22E-08	
80	1.31E-08	6.13E-10	
80	1.65E-08	6.68E-12	
80	2.08E-08	5.51E-14	
80	2.62E-08	3.45E-16	
80	3.31E-08	1.66E-18	
81	4.10E-10	43442.48342	
81	5.17E-10	13554.11045	
81	6.51E-10	6792.691478	
81	8.20E-10	3149.037023	
81	1.03E-09	1261.260415	
81	1.30E-09	417.0408937	
81	1.64E-09	109.7340026	
81	2.07E-09	22.26495957	
81	2.60E-09	3.382316181	
81	3.28E-09	0.3739793	
81	4.13E-09	2.95E-02	
81	5.21E-09	1.64E-03	
81	6.56E-09	6.40E-05	
81	8.27E-09	1.77E-06	
81	1.04E-08	3.48E-08	
81	1.31E-08	5.07E-10	
81	1.65E-08	5.54E-12	
81	2.08E-08	4.57E-14	
81	2.62E-08	2.86E-16	
81	3.31E-08	1.38E-18	
82	4.10E-10	44147.85204	
82	5.17E-10	13426.41021	
82	6.51E-10	6586.417101	
82	8.20E-10	2990.10564	
82	1.03E-09	1175.266918	
82	1.30E-09	382.3704212	
82	1.64E-09	99.24892463	
82	2.07E-09	19.90553912	
82	2.60E-09	2.992923411	
82	3.28E-09	0.327653346	
82	4.13E-09	2.55E-02	
82	5.21E-09	1.40E-03	
82	6.56E-09	5.40E-05	
82	8.27E-09	1.47E-06	
82	1.04E-08	2.87E-08	
82	1.31E-08	4.19E-10	
82	1.65E-08	4.58E-12	
82	2.08E-08	3.78E-14	
82	2.62E-08	2.37E-16	
82	3.31E-08	1.14E-18	
83	4.10E-10	44472.18496	
83	5.17E-10	13212.63447	
83	6.51E-10	6345.016959	
83	8.20E-10	2821.23596	
83	1.03E-09	1088.465486	
83	1.30E-09	348.5280923	
83	1.64E-09	89.24885206	
83	2.07E-09	17.69124262	
83	2.60E-09	2.631584866	
83	3.28E-09	0.285028047	
83	4.13E-09	2.20E-02	
83	5.21E-09	1.19E-03	
83	6.56E-09	4.50E-05	
83	8.27E-09	1.21E-06	
83	1.04E-08	2.36E-08	
83	1.31E-08	3.45E-10	
83	1.65E-08	3.77E-12	
83	2.08E-08	3.12E-14	
83	2.62E-08	1.96E-16	
83	3.31E-08	9.45E-19	
84	4.10E-10	44365.74572	
84	5.17E-10	12913.69251	
84	6.51E-10	6070.911725	
84	8.20E-10	2644.165259	
84	1.03E-09	1001.552182	
84	1.30E-09	315.6725448	
84	1.64E-09	79.74633986	
84	2.07E-09	15.61828512	
84	2.60E-09	2.296853208	
84	3.28E-09	0.245859359	
84	4.13E-09	1.87E-02	
84	5.21E-09	9.95E-04	
84	6.56E-09	3.71E-05	
84	8.27E-09	9.88E-07	
84	1.04E-08	1.94E-08	
84	1.31E-08	2.83E-10	
84	1.65E-08	3.10E-12	
84	2.08E-08	2.57E-14	
84	2.62E-08	1.61E-16	
84	3.31E-08	7.80E-19	
85	4.10E-10	43846.96018	
85	5.17E-10	12532.83686	
85	6.51E-10	5767.675931	
85	8.20E-10	2461.133238	
85	1.03E-09	915.4387585	
85	1.30E-09	284.0574331	
85	1.64E-09	70.79097678	
85	2.07E-09	13.69393234	
85	2.60E-09	1.989652319	
85	3.28E-09	0.210260871	
85	4.13E-09	0.015750009	
85	5.21E-09	8.24E-04	
85	6.56E-09	3.03E-05	
85	8.27E-09	8.09E-07	
85	1.04E-08	1.59E-08	
85	1.31E-08	2.32E-10	
85	1.65E-08	2.55E-12	
85	2.08E-08	2.11E-14	
85	2.62E-08	1.33E-16	
85	3.31E-08	6.41E-19	
86	4.10E-10	42949.25013	
86	5.17E-10	12075.32827	
86	6.51E-10	5439.293132	
86	8.20E-10	2274.177908	
86	1.03E-09	830.7914236	
86	1.30E-09	253.8035174	
86	1.64E-09	62.3836868	
86	2.07E-09	11.91234312	
86	2.60E-09	1.708281332	
86	3.28E-09	0.177962645	
86	4.13E-09	0.013110568	
86	5.21E-09	6.75E-04	
86	6.56E-09	2.47E-05	
86	8.27E-09	6.60E-07	
86	1.04E-08	1.30E-08	
86	1.31E-08	1.90E-10	
86	1.65E-08	2.08E-12	
86	2.08E-08	1.73E-14	
86	2.62E-08	1.09E-16	
86	3.31E-08	5.26E-19	
87	4.10E-10	41711.09081	
87	5.17E-10	11552.02839	
87	6.51E-10	5092.364906	
87	8.20E-10	2086.457099	
87	1.03E-09	748.7349422	
87	1.30E-09	225.2085515	
87	1.64E-09	54.58417423	
87	2.07E-09	10.28303735	
87	2.60E-09	1.454028944	
87	3.28E-09	0.149113948	
87	4.13E-09	1.08E-02	
87	5.21E-09	5.49E-04	
87	6.56E-09	2.01E-05	
87	8.27E-09	5.38E-07	
87	1.04E-08	1.06E-08	
87	1.31E-08	1.55E-10	
87	1.65E-08	1.70E-12	
87	2.08E-08	1.41E-14	
87	2.62E-08	8.89E-17	
87	3.31E-08	4.31E-19	
88	4.10E-10	40235.42811	
88	5.17E-10	10971.22887	
88	6.51E-10	4731.603647	
88	8.20E-10	1899.886179	
88	1.03E-09	669.7578598	
88	1.30E-09	198.3180417	
88	1.64E-09	47.37411008	
88	2.07E-09	8.796762677	
88	2.60E-09	1.224738926	
88	3.28E-09	0.123395935	
88	4.13E-09	8.78E-03	
88	5.21E-09	4.45E-04	
88	6.56E-09	1.63E-05	
88	8.27E-09	4.37E-07	
88	1.04E-08	8.61E-09	
88	1.31E-08	1.26E-10	
88	1.65E-08	1.39E-12	
88	2.08E-08	1.15E-14	
88	2.62E-08	7.26E-17	
88	3.31E-08	3.52E-19	
89	4.10E-10	38533.46716	
89	5.17E-10	10346.03211	
89	6.51E-10	4364.019309	
89	8.20E-10	1717.405243	
89	1.03E-09	594.7977878	
89	1.30E-09	173.3589233	
89	1.64E-09	40.79597752	
89	2.07E-09	7.459986641	
89	2.60E-09	1.021259433	
89	3.28E-09	0.100901922	
89	4.13E-09	7.11E-03	
89	5.21E-09	3.61E-04	
89	6.56E-09	1.32E-05	
89	8.27E-09	3.54E-07	
89	1.04E-08	6.99E-09	
89	1.31E-08	1.02E-10	
89	1.65E-08	1.13E-12	
89	2.08E-08	9.36E-15	
89	2.62E-08	5.90E-17	
89	3.31E-08	2.86E-19	
90	4.10E-10	36716.14941	
90	5.17E-10	9684.254607	
90	6.51E-10	3993.503228	
90	8.20E-10	1540.238694	
90	1.03E-09	524.011144	
90	1.30E-09	150.2703907	
90	1.64E-09	34.80729174	
90	2.07E-09	6.259398641	
90	2.60E-09	0.840909566	
90	3.28E-09	8.18E-02	
90	4.13E-09	5.75E-03	
90	5.21E-09	2.92E-04	
90	6.56E-09	1.07E-05	
90	8.27E-09	2.87E-07	
90	1.04E-08	5.66E-09	
90	1.31E-08	8.31E-11	
90	1.65E-08	9.14E-13	
90	2.08E-08	7.60E-15	
90	2.62E-08	4.79E-17	
90	3.31E-08	2.33E-19	
91	4.10E-10	34804.1487	
91	5.17E-10	8997.473516	
91	6.51E-10	3625.88566	
91	8.20E-10	1370.562866	
91	1.03E-09	458.0067567	
91	1.30E-09	129.1799421	
91	1.64E-09	29.42829497	
91	2.07E-09	5.197574919	
91	2.60E-09	0.683968032	
91	3.28E-09	6.60E-02	
91	4.13E-09	0.00463434	
91	5.21E-09	2.35E-04	
91	6.56E-09	8.65E-06	
91	8.27E-09	2.32E-07	
91	1.04E-08	4.58E-09	
91	1.31E-08	6.72E-11	
91	1.65E-08	7.40E-13	
91	2.08E-08	6.15E-15	
91	2.62E-08	3.88E-17	
91	3.31E-08	1.89E-19	
92	4.10E-10	32888.45093	
92	5.17E-10	8292.68592	
92	6.51E-10	3264.178324	
92	8.20E-10	1209.016881	
92	1.03E-09	396.7047182	
92	1.30E-09	109.9629223	
92	1.64E-09	24.60454248	
92	2.07E-09	4.259617441	
92	2.60E-09	0.55217835	
92	3.28E-09	5.31E-02	
92	4.13E-09	3.73E-03	
92	5.21E-09	1.89E-04	
92	6.56E-09	6.97E-06	
92	8.27E-09	1.87E-07	
92	1.04E-08	3.69E-09	
92	1.31E-08	5.42E-11	
92	1.65E-08	5.97E-13	
92	2.08E-08	4.97E-15	
92	2.62E-08	3.14E-17	
92	3.31E-08	1.52E-19	
93	4.10E-10	30936.89343	
93	5.17E-10	7581.503312	
93	6.51E-10	2913.675439	
93	8.20E-10	1057.364042	
93	1.03E-09	340.54916	
93	1.30E-09	92.7036012	
93	1.64E-09	20.34789047	
93	2.07E-09	3.44666367	
93	2.60E-09	0.443884668	
93	3.28E-09	0.042683754	
93	4.13E-09	3.00E-03	
93	5.21E-09	1.52E-04	
93	6.56E-09	5.60E-06	
93	8.27E-09	1.50E-07	
93	1.04E-08	2.97E-09	
93	1.31E-08	4.37E-11	
93	1.65E-08	4.81E-13	
93	2.08E-08	4.01E-15	
93	2.62E-08	2.53E-17	
93	3.31E-08	1.23E-19	
94	4.10E-10	28976.86451	
94	5.17E-10	6870.236563	
94	6.51E-10	2576.505855	
94	8.20E-10	915.7478526	
94	1.03E-09	289.2911323	
94	1.30E-09	77.23926147	
94	1.64E-09	16.59833605	
94	2.07E-09	2.771380532	
94	2.60E-09	0.356154253	
94	3.28E-09	3.42E-02	
94	4.13E-09	2.40E-03	
94	5.21E-09	1.22E-04	
94	6.56E-09	4.50E-06	
94	8.27E-09	1.21E-07	
94	1.04E-08	2.39E-09	
94	1.31E-08	3.51E-11	
94	1.65E-08	3.87E-13	
94	2.08E-08	3.22E-15	
94	2.62E-08	2.04E-17	
94	3.31E-08	9.90E-20	
95	4.10E-10	26990.47219	
95	5.17E-10	6170.082356	
95	6.51E-10	2257.145697	
95	8.20E-10	785.4847565	
95	1.03E-09	243.2240669	
95	1.30E-09	63.61735221	
95	1.64E-09	13.36068375	
95	2.07E-09	2.221072669	
95	2.60E-09	0.285196636	
95	3.28E-09	2.74E-02	
95	4.13E-09	1.93E-03	
95	5.21E-09	9.78E-05	
95	6.56E-09	3.60E-06	
95	8.27E-09	9.67E-08	
95	1.04E-08	1.91E-09	
95	1.31E-08	2.81E-11	
95	1.65E-08	3.10E-13	
95	2.08E-08	2.59E-15	
95	2.62E-08	1.64E-17	
95	3.31E-08	7.95E-20	
96	4.10E-10	24962.12891	
96	5.17E-10	5486.155342	
96	6.51E-10	1956.597501	
96	8.20E-10	666.2187054	
96	1.03E-09	201.9545158	
96	1.30E-09	51.64687046	
96	1.64E-09	10.70050885	
96	2.07E-09	1.776405188	
96	2.60E-09	0.227930183	
96	3.28E-09	2.19E-02	
96	4.13E-09	1.54E-03	
96	5.21E-09	7.82E-05	
96	6.56E-09	2.88E-06	
96	8.27E-09	7.73E-08	
96	1.04E-08	1.53E-09	
96	1.31E-08	2.25E-11	
96	1.65E-08	2.48E-13	
96	2.08E-08	2.07E-15	
96	2.62E-08	1.31E-17	
96	3.31E-08	6.37E-20	
97	4.10E-10	22884.75719	
97	5.17E-10	4828.302957	
97	6.51E-10	1678.155539	
97	8.20E-10	558.7640983	
97	1.03E-09	165.6242424	
97	1.30E-09	41.41055113	
97	1.64E-09	8.549053894	
97	2.07E-09	1.417507614	
97	2.60E-09	0.181761963	
97	3.28E-09	1.75E-02	
97	4.13E-09	1.23E-03	
97	5.21E-09	6.23E-05	
97	6.56E-09	2.30E-06	
97	8.27E-09	6.17E-08	
97	1.04E-08	1.22E-09	
97	1.31E-08	1.80E-11	
97	1.65E-08	1.98E-13	
97	2.08E-08	1.65E-15	
97	2.62E-08	1.05E-17	
97	3.31E-08	5.09E-20	
98	4.10E-10	20758.93232	
98	5.17E-10	4200.289981	
98	6.51E-10	1421.741506	
98	8.20E-10	462.3695908	
98	1.03E-09	133.7455956	
98	1.30E-09	33.06363221	
98	1.64E-09	6.813699579	
98	2.07E-09	1.128563169	
98	2.60E-09	0.144630776	
98	3.28E-09	1.39E-02	
98	4.13E-09	9.76E-04	
98	5.21E-09	4.96E-05	
98	6.56E-09	1.83E-06	
98	8.27E-09	4.91E-08	
98	1.04E-08	9.73E-10	
98	1.31E-08	1.43E-11	
98	1.65E-08	1.58E-13	
98	2.08E-08	1.32E-15	
98	2.62E-08	8.34E-18	
98	3.31E-08	4.06E-20	
99	4.10E-10	18601.10332	
99	5.17E-10	3610.50627	
99	6.51E-10	1189.1565	
99	8.20E-10	377.1978829	
99	1.03E-09	106.6340486	
99	1.30E-09	26.28699845	
99	1.64E-09	5.408579771	
99	2.07E-09	0.89499035	
99	2.60E-09	0.11464214	
99	3.28E-09	1.10E-02	
99	4.13E-09	7.73E-04	
99	5.21E-09	3.93E-05	
99	6.56E-09	1.45E-06	
99	8.27E-09	3.90E-08	
99	1.04E-08	7.72E-10	
99	1.31E-08	1.14E-11	
99	1.65E-08	1.25E-13	
99	2.08E-08	1.05E-15	
99	2.62E-08	6.62E-18	
99	3.31E-08	3.22E-20	
100	4.10E-10	16430.58201	
100	5.17E-10	3063.585441	
100	6.51E-10	981.6345098	
100	8.20E-10	303.9092749	
100	1.03E-09	85.01014546	
100	1.30E-09	20.90885922	
100	1.64E-09	4.296326294	
100	2.07E-09	0.710392217	
100	2.60E-09	9.10E-02	
100	3.28E-09	8.73E-03	
100	4.13E-09	6.13E-04	
100	5.21E-09	3.12E-05	
100	6.56E-09	1.15E-06	
100	8.27E-09	3.09E-08	
100	1.04E-08	6.13E-10	
100	1.31E-08	9.02E-12	
100	1.65E-08	9.96E-14	
100	2.08E-08	8.31E-16	
100	2.62E-08	5.26E-18	
100	3.31E-08	2.56E-20	
101	4.10E-10	14289.97325	
101	5.17E-10	2574.043478	
101	6.51E-10	803.3833708	
101	8.20E-10	244.0274608	
101	1.03E-09	68.05548044	
101	1.30E-09	16.708207	
101	1.64E-09	3.429592225	
101	2.07E-09	0.566740096	
101	2.60E-09	0.072546082	
101	3.28E-09	6.96E-03	
101	4.13E-09	4.89E-04	
101	5.21E-09	2.49E-05	
101	6.56E-09	9.17E-07	
101	8.27E-09	2.47E-08	
101	1.04E-08	4.89E-10	
101	1.31E-08	7.20E-12	
101	1.65E-08	7.95E-14	
101	2.08E-08	6.63E-16	
101	2.62E-08	4.20E-18	
101	3.31E-08	2.04E-20	
102	4.10E-10	12271.71948	
102	5.17E-10	2140.206906	
102	6.51E-10	653.1372697	
102	8.20E-10	196.6185565	
102	1.03E-09	54.70165325	
102	1.30E-09	13.41034496	
102	1.64E-09	2.75042441	
102	2.07E-09	0.454299947	
102	2.60E-09	5.81E-02	
102	3.28E-09	5.58E-03	
102	4.13E-09	3.92E-04	
102	5.21E-09	1.99E-05	
102	6.56E-09	7.35E-07	
102	8.27E-09	1.98E-08	
102	1.04E-08	3.92E-10	
102	1.31E-08	5.77E-12	
102	1.65E-08	6.38E-14	
102	2.08E-08	5.32E-16	
102	2.62E-08	3.37E-18	
102	3.31E-08	1.64E-20	
103	4.10E-10	10403.88504	
103	5.17E-10	1763.203795	
103	6.51E-10	529.4155021	
103	8.20E-10	158.8378996	
103	1.03E-09	44.10616533	
103	1.30E-09	10.80066659	
103	1.64E-09	2.213809879	
103	2.07E-09	0.365538716	
103	2.60E-09	4.68E-02	
103	3.28E-09	4.49E-03	
103	4.13E-09	3.15E-04	
103	5.21E-09	1.60E-05	
103	6.56E-09	5.92E-07	
103	8.27E-09	1.59E-08	
103	1.04E-08	3.15E-10	
103	1.31E-08	4.65E-12	
103	1.65E-08	5.13E-14	
103	2.08E-08	4.28E-16	
103	2.62E-08	2.71E-18	
103	3.31E-08	1.32E-20	
104	4.10E-10	8727.917411	
104	5.17E-10	1444.026727	
104	6.51E-10	429.8507904	
104	8.20E-10	128.6213498	
104	1.03E-09	35.66241993	
104	1.30E-09	8.725460593	
104	1.64E-09	1.787617401	
104	2.07E-09	0.295090838	
104	2.60E-09	3.78E-02	
104	3.28E-09	3.62E-03	
104	4.13E-09	2.55E-04	
104	5.21E-09	1.30E-05	
104	6.56E-09	4.78E-07	
104	8.27E-09	1.28E-08	
104	1.04E-08	2.55E-10	
104	1.31E-08	3.75E-12	
104	1.65E-08	4.14E-14	
104	2.08E-08	3.46E-16	
104	2.62E-08	2.19E-18	
104	3.31E-08	1.07E-20	
105	4.10E-10	7247.330726	
105	5.17E-10	1179.018151	
105	6.51E-10	349.3682719	
105	8.20E-10	104.3204813	
105	1.03E-09	28.89152905	
105	1.30E-09	7.064254441	
105	1.64E-09	1.446775054	
105	2.07E-09	0.238780786	
105	2.60E-09	3.05E-02	
105	3.28E-09	2.93E-03	
105	4.13E-09	2.06E-04	
105	5.21E-09	1.05E-05	
105	6.56E-09	3.86E-07	
105	8.27E-09	1.04E-08	
105	1.04E-08	2.06E-10	
105	1.31E-08	3.04E-12	
105	1.65E-08	3.35E-14	
105	2.08E-08	2.80E-16	
105	2.62E-08	1.77E-18	
105	3.31E-08	8.63E-21	
106	4.10E-10	5993.944389	
106	5.17E-10	962.791573	
106	6.51E-10	284.2560451	
106	8.20E-10	84.74149073	
106	1.03E-09	23.44887555	
106	1.30E-09	5.730713697	
106	1.64E-09	1.173361929	
106	2.07E-09	0.193628671	
106	2.60E-09	2.48E-02	
106	3.28E-09	2.38E-03	
106	4.13E-09	1.67E-04	
106	5.21E-09	8.50E-06	
106	6.56E-09	3.13E-07	
106	8.27E-09	8.43E-09	
106	1.04E-08	1.67E-10	
106	1.31E-08	2.46E-12	
106	1.65E-08	2.72E-14	
106	2.08E-08	2.27E-16	
106	2.62E-08	1.44E-18	
106	3.31E-08	7.00E-21	
107	4.10E-10	4950.545384	
107	5.17E-10	786.6688323	
107	6.51E-10	231.5883589	
107	8.20E-10	68.95612829	
107	1.03E-09	19.06865367	
107	1.30E-09	4.658581599	
107	1.64E-09	0.953665302	
107	2.07E-09	0.157358236	
107	2.60E-09	2.01E-02	
107	3.28E-09	1.93E-03	
107	4.13E-09	1.36E-04	
107	5.21E-09	6.91E-06	
107	6.56E-09	2.55E-07	
107	8.27E-09	6.85E-09	
107	1.04E-08	1.36E-10	
107	1.31E-08	2.00E-12	
107	1.65E-08	2.21E-14	
107	2.08E-08	1.84E-16	
107	2.62E-08	1.17E-18	
107	3.31E-08	5.69E-21	
108	4.10E-10	4094.713339	
108	5.17E-10	643.2198877	
108	6.51E-10	188.933358	
108	8.20E-10	56.20430266	
108	1.03E-09	15.535059	
108	1.30E-09	3.794340277	
108	1.64E-09	0.776640982	
108	2.07E-09	0.12813917	
108	2.60E-09	1.64E-02	
108	3.28E-09	1.57E-03	
108	4.13E-09	1.11E-04	
108	5.21E-09	5.62E-06	
108	6.56E-09	2.07E-07	
108	8.27E-09	5.58E-09	
108	1.04E-08	1.11E-10	
108	1.31E-08	1.63E-12	
108	1.65E-08	1.80E-14	
108	2.08E-08	1.50E-16	
108	2.62E-08	9.52E-19	
108	3.31E-08	4.63E-21	
109	4.10E-10	3389.32568	
109	5.17E-10	526.2615126	
109	6.51E-10	154.312663	
109	8.20E-10	45.87466013	
109	1.03E-09	12.67563371	
109	1.30E-09	3.095385289	
109	1.64E-09	0.633515618	
109	2.07E-09	0.104519201	
109	2.60E-09	1.34E-02	
109	3.28E-09	1.28E-03	
109	4.13E-09	9.01E-05	
109	5.21E-09	4.59E-06	
109	6.56E-09	1.69E-07	
109	8.27E-09	4.55E-09	
109	1.04E-08	9.02E-11	
109	1.31E-08	1.33E-12	
109	1.65E-08	1.47E-14	
109	2.08E-08	1.23E-16	
109	2.62E-08	7.77E-19	
109	3.31E-08	3.78E-21	
110	4.10E-10	2806.079154	
110	5.17E-10	430.7874692	
110	6.51E-10	126.1525253	
110	8.20E-10	37.48511663	
110	1.03E-09	10.35505192	
110	1.30E-09	2.528381345	
110	1.64E-09	0.517435347	
110	2.07E-09	8.54E-02	
110	2.60E-09	0.010918407	
110	3.28E-09	1.05E-03	
110	4.13E-09	7.36E-05	
110	5.21E-09	3.75E-06	
110	6.56E-09	1.38E-07	
110	8.27E-09	3.72E-09	
110	1.04E-08	7.37E-11	
110	1.31E-08	1.09E-12	
110	1.65E-08	1.20E-14	
110	2.08E-08	1.00E-16	
110	2.62E-08	6.34E-19	
110	3.31E-08	3.09E-21	
111	4.10E-10	2323.390028	
111	5.17E-10	353.0507309	
111	6.51E-10	103.2874572	
111	8.20E-10	30.68059178	
111	1.03E-09	8.47394659	
111	1.30E-09	2.068895186	
111	1.64E-09	0.423381477	
111	2.07E-09	6.98E-02	
111	2.60E-09	8.93E-03	
111	3.28E-09	8.57E-04	
111	4.13E-09	6.02E-05	
111	5.21E-09	3.07E-06	
111	6.56E-09	1.13E-07	
111	8.27E-09	3.04E-09	
111	1.04E-08	6.03E-11	
111	1.31E-08	8.88E-13	
111	1.65E-08	9.82E-15	
111	2.08E-08	8.19E-17	
111	2.62E-08	5.19E-19	
111	3.31E-08	2.53E-21	
112	4.10E-10	1922.185011	
112	5.17E-10	289.6488105	
112	6.51E-10	84.67843758	
112	8.20E-10	25.14711196	
112	1.03E-09	6.944836295	
112	1.30E-09	1.695468077	
112	1.64E-09	0.346951892	
112	2.07E-09	5.72E-02	
112	2.60E-09	7.32E-03	
112	3.28E-09	7.02E-04	
112	4.13E-09	4.94E-05	
112	5.21E-09	2.51E-06	
112	6.56E-09	9.26E-08	
112	8.27E-09	2.49E-09	
112	1.04E-08	4.94E-11	
112	1.31E-08	7.28E-13	
112	1.65E-08	8.04E-15	
112	2.08E-08	6.71E-17	
112	2.62E-08	4.25E-19	
112	3.31E-08	2.07E-21	
113	4.10E-10	1588.401489	
113	5.17E-10	237.8468357	
113	6.51E-10	69.49868185	
113	8.20E-10	20.63596419	
113	1.03E-09	5.698589693	
113	1.30E-09	1.391164978	
113	1.64E-09	0.284674884	
113	2.07E-09	4.70E-02	
113	2.60E-09	6.01E-03	
113	3.28E-09	5.76E-04	
113	4.13E-09	4.05E-05	
113	5.21E-09	2.06E-06	
113	6.56E-09	7.60E-08	
113	8.27E-09	2.04E-09	
113	1.04E-08	4.05E-11	
113	1.31E-08	5.97E-13	
113	1.65E-08	6.60E-15	
113	2.08E-08	5.51E-17	
113	2.62E-08	3.49E-19	
113	3.31E-08	1.70E-21	
114	4.10E-10	1310.633078	
114	5.17E-10	195.3450721	
114	6.51E-10	57.05927602	
114	8.20E-10	16.94071548	
114	1.03E-09	4.677943662	
114	1.30E-09	1.14197355	
114	1.64E-09	0.233679535	
114	2.07E-09	3.85E-02	
114	2.60E-09	4.93E-03	
114	3.28E-09	4.73E-04	
114	4.13E-09	3.32E-05	
114	5.21E-09	1.69E-06	
114	6.56E-09	6.24E-08	
114	8.27E-09	1.68E-09	
114	1.04E-08	3.33E-11	
114	1.31E-08	4.90E-13	
114	1.65E-08	5.42E-15	
114	2.08E-08	4.52E-17	
114	2.62E-08	2.86E-19	
114	3.31E-08	1.39E-21	
115	4.10E-10	1079.075008	
115	5.17E-10	160.3883209	
115	6.51E-10	46.83722369	
115	8.20E-10	13.90500795	
115	1.03E-09	3.839576924	
115	1.30E-09	0.937299759	
115	1.64E-09	0.191795993	
115	2.07E-09	3.16E-02	
115	2.60E-09	4.05E-03	
115	3.28E-09	3.88E-04	
115	4.13E-09	2.73E-05	
115	5.21E-09	1.39E-06	
115	6.56E-09	5.12E-08	
115	8.27E-09	1.38E-09	
115	1.04E-08	2.73E-11	
115	1.31E-08	4.02E-13	
115	1.65E-08	4.45E-15	
115	2.08E-08	3.71E-17	
115	2.62E-08	2.35E-19	
115	3.31E-08	1.14E-21	
116	4.10E-10	886.8326923	
116	5.17E-10	131.5549933	
116	6.51E-10	38.41114017	
116	8.20E-10	11.40312542	
116	1.03E-09	3.148694658	
116	1.30E-09	0.768639397	
116	1.64E-09	0.157282939	
116	2.07E-09	0.025946114	
116	2.60E-09	3.32E-03	
116	3.28E-09	3.18E-04	
116	4.13E-09	2.24E-05	
116	5.21E-09	1.14E-06	
116	6.56E-09	4.20E-08	
116	8.27E-09	1.13E-09	
116	1.04E-08	2.24E-11	
116	1.31E-08	3.30E-13	
116	1.65E-08	3.65E-15	
116	2.08E-08	3.04E-17	
116	2.62E-08	1.93E-19	
116	3.31E-08	9.39E-22	
117	4.10E-10	727.3219391	
117	5.17E-10	107.7609294	
117	6.51E-10	31.46077449	
117	8.20E-10	9.339654867	
117	1.03E-09	2.578907158	
117	1.30E-09	0.629544844	
117	1.64E-09	0.128820405	
117	2.07E-09	2.13E-02	
117	2.60E-09	2.72E-03	
117	3.28E-09	2.61E-04	
117	4.13E-09	1.83E-05	
117	5.21E-09	9.33E-07	
117	6.56E-09	3.44E-08	
117	8.27E-09	9.25E-10	
117	1.04E-08	1.83E-11	
117	1.31E-08	2.70E-13	
117	1.65E-08	2.99E-15	
117	2.08E-08	2.49E-17	
117	2.62E-08	1.58E-19	
117	3.31E-08	7.69E-22	
118	4.10E-10	595.0219998	
118	5.17E-10	88.06073771	
118	6.51E-10	25.70795706	
118	8.20E-10	7.631835004	
118	1.03E-09	2.107339195	
118	1.30E-09	0.514429063	
118	1.64E-09	0.105264806	
118	2.07E-09	1.74E-02	
118	2.60E-09	2.22E-03	
118	3.28E-09	2.13E-04	
118	4.13E-09	1.50E-05	
118	5.21E-09	7.62E-07	
118	6.56E-09	2.81E-08	
118	8.27E-09	7.56E-10	
118	1.04E-08	1.50E-11	
118	1.31E-08	2.21E-13	
118	1.65E-08	2.44E-15	
118	2.08E-08	2.04E-17	
118	2.62E-08	1.29E-19	
118	3.31E-08	6.28E-22	
119	4.10E-10	484.3236517	
119	5.17E-10	71.60177482	
119	6.51E-10	20.90254894	
119	8.20E-10	6.205315811	
119	1.03E-09	1.713449697	
119	1.30E-09	0.418276276	
119	1.64E-09	0.085589617	
119	2.07E-09	0.014119219	
119	2.60E-09	1.81E-03	
119	3.28E-09	1.73E-04	
119	4.13E-09	1.22E-05	
119	5.21E-09	6.20E-07	
119	6.56E-09	2.28E-08	
119	8.27E-09	6.15E-10	
119	1.04E-08	1.22E-11	
119	1.31E-08	1.80E-13	
119	1.65E-08	1.98E-15	
119	2.08E-08	1.66E-17	
119	2.62E-08	1.05E-19	
119	3.31E-08	5.11E-22	
120	4.10E-10	391.477296	
120	5.17E-10	57.81567787	
120	6.51E-10	16.87795892	
120	8.20E-10	5.010598611	
120	1.03E-09	1.383565828	
120	1.30E-09	0.337748107	
120	1.64E-09	6.91E-02	
120	2.07E-09	1.14E-02	
120	2.60E-09	1.46E-03	
120	3.28E-09	1.40E-04	
120	4.13E-09	9.83E-06	
120	5.21E-09	5.00E-07	
120	6.56E-09	1.84E-08	
120	8.27E-09	4.96E-10	
120	1.04E-08	9.84E-12	
120	1.31E-08	1.45E-13	
120	1.65E-08	1.60E-15	
120	2.08E-08	1.34E-17	
120	2.62E-08	8.47E-20	
120	3.31E-08	4.12E-22	
121	4.10E-10	314.0849385	
121	5.17E-10	46.34089883	
121	6.51E-10	13.52829179	
121	8.20E-10	4.016229481	
121	1.03E-09	1.10900058	
121	1.30E-09	0.270723693	
121	1.64E-09	5.54E-02	
121	2.07E-09	9.14E-03	
121	2.60E-09	1.17E-03	
121	3.28E-09	1.12E-04	
121	4.13E-09	7.88E-06	
121	5.21E-09	4.01E-07	
121	6.56E-09	1.48E-08	
121	8.27E-09	3.98E-10	
121	1.04E-08	7.89E-12	
121	1.31E-08	1.16E-13	
121	1.65E-08	1.28E-15	
121	2.08E-08	1.07E-17	
121	2.62E-08	6.79E-20	
121	3.31E-08	3.31E-22	
122	4.10E-10	249.5921466	
122	5.17E-10	36.79154707	
122	6.51E-10	10.74072915	
122	8.20E-10	3.188712372	
122	1.03E-09	0.880504625	
122	1.30E-09	0.214945101	
122	1.64E-09	4.40E-02	
122	2.07E-09	7.26E-03	
122	2.60E-09	9.28E-04	
122	3.28E-09	8.90E-05	
122	4.13E-09	6.26E-06	
122	5.21E-09	3.18E-07	
122	6.56E-09	1.17E-08	
122	8.27E-09	3.16E-10	
122	1.04E-08	6.26E-12	
122	1.31E-08	9.23E-14	
122	1.65E-08	1.02E-15	
122	2.08E-08	8.51E-18	
122	2.62E-08	5.39E-20	
122	3.31E-08	2.63E-22	
123	4.10E-10	195.8135602	
123	5.17E-10	28.83983352	
123	6.51E-10	8.419513125	
123	8.20E-10	2.499621715	
123	1.03E-09	0.690229362	
123	1.30E-09	0.168496421	
123	1.64E-09	3.45E-02	
123	2.07E-09	5.69E-03	
123	2.60E-09	7.27E-04	
123	3.28E-09	6.98E-05	
123	4.13E-09	4.90E-06	
123	5.21E-09	2.50E-07	
123	6.56E-09	9.20E-09	
123	8.27E-09	2.48E-10	
123	1.04E-08	4.91E-12	
123	1.31E-08	7.23E-14	
123	1.65E-08	7.99E-16	
123	2.08E-08	6.67E-18	
123	2.62E-08	4.23E-20	
123	3.31E-08	2.06E-22	
124	4.10E-10	150.8997792	
124	5.17E-10	22.20729082	
124	6.51E-10	6.483335051	
124	8.20E-10	1.924823603	
124	1.03E-09	0.531511435	
124	1.30E-09	0.129751105	
124	1.64E-09	2.66E-02	
124	2.07E-09	4.38E-03	
124	2.60E-09	5.60E-04	
124	3.28E-09	5.38E-05	
124	4.13E-09	3.78E-06	
124	5.21E-09	1.92E-07	
124	6.56E-09	7.09E-09	
124	8.27E-09	1.91E-10	
124	1.04E-08	3.78E-12	
124	1.31E-08	5.57E-14	
124	1.65E-08	6.16E-16	
124	2.08E-08	5.14E-18	
124	2.62E-08	3.25E-20	
124	3.31E-08	1.58E-22	
125	4.10E-10	113.432046	
125	5.17E-10	16.68143898	
125	6.51E-10	4.870173239	
125	8.20E-10	1.445910139	
125	1.03E-09	0.399268583	
125	1.30E-09	9.75E-02	
125	1.64E-09	1.99E-02	
125	2.07E-09	3.29E-03	
125	2.60E-09	4.21E-04	
125	3.28E-09	4.04E-05	
125	4.13E-09	2.84E-06	
125	5.21E-09	1.44E-07	
125	6.56E-09	5.32E-09	
125	8.27E-09	1.43E-10	
125	1.04E-08	2.84E-12	
125	1.31E-08	4.19E-14	
125	1.65E-08	4.62E-16	
125	2.08E-08	3.86E-18	
125	2.62E-08	2.44E-20	
125	3.31E-08	1.19E-22	
126	4.10E-10	82.149448	
126	5.17E-10	12.07302256	
126	6.51E-10	3.524794474	
126	8.20E-10	1.046488128	
126	1.03E-09	0.288974748	
126	1.30E-09	7.05E-02	
126	1.64E-09	1.44E-02	
126	2.07E-09	2.38E-03	
126	2.60E-09	3.05E-04	
126	3.28E-09	2.92E-05	
126	4.13E-09	2.05E-06	
126	5.21E-09	1.04E-07	
126	6.56E-09	3.85E-09	
126	8.27E-09	1.04E-10	
126	1.04E-08	2.06E-12	
126	1.31E-08	3.03E-14	
126	1.65E-08	3.35E-16	
126	2.08E-08	2.79E-18	
126	2.62E-08	1.77E-20	
126	3.31E-08	8.62E-23	
127	4.10E-10	56.1044904	
127	5.17E-10	8.24053798	
127	6.51E-10	2.405907078	
127	8.20E-10	0.714302455	
127	1.03E-09	0.197246397	
127	1.30E-09	4.82E-02	
127	1.64E-09	9.85E-03	
127	2.07E-09	1.63E-03	
127	2.60E-09	2.08E-04	
127	3.28E-09	1.99E-05	
127	4.13E-09	1.40E-06	
127	5.21E-09	7.13E-08	
127	6.56E-09	2.63E-09	
127	8.27E-09	7.08E-11	
127	1.04E-08	1.40E-12	
127	1.31E-08	2.07E-14	
127	1.65E-08	2.28E-16	
127	2.08E-08	1.91E-18	
127	2.62E-08	1.21E-20	
127	3.31E-08	5.88E-23	
128	4.10E-10	34.43112711	
128	5.17E-10	5.054470654	
128	6.51E-10	1.475716717	
128	8.20E-10	0.438135342	
128	1.03E-09	0.120986297	
128	1.30E-09	2.95E-02	
128	1.64E-09	6.04E-03	
128	2.07E-09	9.97E-04	
128	2.60E-09	1.28E-04	
128	3.28E-09	1.22E-05	
128	4.13E-09	8.60E-07	
128	5.21E-09	4.37E-08	
128	6.56E-09	1.61E-09	
128	8.27E-09	4.34E-11	
128	1.04E-08	8.60E-13	
128	1.31E-08	1.27E-14	
128	1.65E-08	1.40E-16	
128	2.08E-08	1.17E-18	
128	2.62E-08	7.41E-21	
128	3.31E-08	3.61E-23	
129	4.10E-10	16.47700043	
129	5.17E-10	2.417735149	
129	6.51E-10	0.705892879	
129	8.20E-10	0.209577877	
129	1.03E-09	5.79E-02	
129	1.30E-09	1.41E-02	
129	1.64E-09	2.89E-03	
129	2.07E-09	4.77E-04	
129	2.60E-09	6.10E-05	
129	3.28E-09	5.85E-06	
129	4.13E-09	4.11E-07	
129	5.21E-09	2.09E-08	
129	6.56E-09	7.72E-10	
129	8.27E-09	2.08E-11	
129	1.04E-08	4.12E-13	
129	1.31E-08	6.07E-15	
129	1.65E-08	6.70E-17	
129	2.08E-08	5.59E-19	
129	2.62E-08	3.54E-21	
129	3.31E-08	1.73E-23	
130	4.10E-10	1.647724887	
130	5.17E-10	0.241764081	
130	6.51E-10	7.06E-02	
130	8.20E-10	2.10E-02	
130	1.03E-09	5.79E-03	
130	1.30E-09	1.41E-03	
130	1.64E-09	2.89E-04	
130	2.07E-09	4.77E-05	
130	2.60E-09	6.10E-06	
130	3.28E-09	5.85E-07	
130	4.13E-09	4.11E-08	
130	5.21E-09	2.09E-09	
130	6.56E-09	7.72E-11	
130	8.27E-09	2.08E-12	
130	1.04E-08	4.12E-14	
130	1.31E-08	6.07E-16	
130	1.65E-08	6.70E-18	
130	2.08E-08	5.59E-20	
130	2.62E-08	3.54E-22	
130	3.31E-08	1.73E-24	
