 1             524.44235751142 
 2             459.649110795458 
 3             438.97613727777 
 4             384.361900758751 
 5             366.933516086045 
 6             320.928097699485 
 7             306.208147516541 
 8             267.45412638487 
 9             255.045106780662 
 10            222.320701087686 
 11            211.829640109063 
 12            184.177960779311 
 13            175.308393105593 
 14            151.990482832875 
 15            144.514954345793 
 16            124.929936778695 
 17            118.659866084621 
 18            102.269862604869 
 19            97.03189698943 
 20            83.3830706496387 
 21            79.0343853653562 
 22            67.7342380636594 
 23            64.1466078375285 
 24            54.8563294762601 
 25            51.9174166031091 
 26            44.3263490448175 
 27            41.9348325090264 
 28            35.7664005569381 
 29            33.8289330524478 
 30            28.832719499066 
 31            27.2669053292602 
 32            23.2275367957481 
 33            21.9646400348822 
 34            18.7035555138978 
 35            17.6859450747268 
 36            15.0539895071134 
 37            14.2351151882316 
 38            12.1130062747129 
 39            11.454587278803 
 40            9.74337651579754 
 41            9.21376036869886 
 42            7.83264550161146 
 43            7.4065569059861 
 44            6.29103174667789 
 45            5.94789581096786 
 46            5.04685754452399 
 47            4.77074473040513 
 48            4.04518581804117 
 49            3.82363439494298 
 50            3.24085231026184 
 51            3.06323065496681 
 52            2.59505181714271 
 53            2.4525951997281 
 54            2.07576433304826 
 55            1.96118843163597 
 56            1.65732932522274 
 57            1.56512104273708 
 58            1.32043458916335 
 59            1.24624992891758 
 60            1.04961129291503 
 61            .990080855405279 
 62            .831787359765556 
 63            .783813646451479 
 64            .655975003156844 
 65            .617322721120067 
 66            .514808650338841 
 67            .483937968645021 
 68            .40259302108047 
 69            .378238018019072 
 70            .314872865142495 
 71            .295977113436394 
 72            .246893577585078 
 73            .232211935199357 
 74            .193983959977582 
 75            .182513680134189 
 76            .152491438801026 
 77            .143454230340482 
 78            .119767789662734 
 79            .112635477691852 
 80            9.39445642327213E-2 
 81            8.83070606056094E-2 
 82            7.35101876686503E-2 
 83            6.90459889018075E-2 
 84            5.73366089637045E-2 
 85            5.38061387154584E-2 
 86            4.45564680279128E-2 
 87            4.17743588983638E-2 
 88            3.45230629775626E-2 
 89            3.23503884797394E-2 
 90            2.67019575684444E-2 
 91            2.50110094987739E-2 
 92            2.06178525202692E-2 
 93            1.93043669967572E-2 
 94            1.58893035701141E-2 
 95            1.48693716394356E-2 
 96            1.22200456309474E-2 
 97            1.14290791678099E-2 
 98            9.37464866135073E-3 
 99            8.76106080694621E-3 
 100           7.17279655890172E-3 
 101           6.69911230404074E-3 
 102           5.47584960200436E-3 
 103           5.1108198191267E-3 
 104           4.16460809383401E-3 
 105           3.88143867922336E-3 
 106           3.14937011833256E-3 
 107           2.93165700080045E-3 
 108           2.3752690936341E-3 
 109           2.21023441940493E-3 
 110           1.7899885178066E-3 
 111           1.66571079475435E-3 
 112           1.35383613548952E-3 
 113           1.26185540367812E-3 
 114           1.0300063226769E-3 
 115           9.61205341422012E-4 
 116           7.87857758025801E-4 
 117           7.36387681025892E-4 
 118           6.06824561750689E-4 
 119           5.68152824067127E-4 
 120           4.67826804480395E-4 
 121           4.37885585823221E-4 
 122           3.62210109542898E-4 
 123           3.39521168377739E-4 
 124           2.82067581055978E-4 
 125           2.64798559229193E-4 
 126           2.20916242780468E-4 
 127           2.07715076293992E-4 
 128           1.74001291920036E-4 
 129           1.63875985177691E-4 
 130           1.37803865188482E-4 
