#Pressures : 130 values
5.244424e+02
4.596491e+02
4.389761e+02
3.843619e+02
3.669335e+02
3.209281e+02
3.062081e+02
2.674541e+02
2.550451e+02
2.223207e+02
2.118296e+02
1.841780e+02
1.753084e+02
1.519905e+02
1.445150e+02
1.249299e+02
1.186599e+02
1.022699e+02
9.703190e+01
8.338307e+01
7.903439e+01
6.773424e+01
6.414661e+01
5.485633e+01
5.191742e+01
4.432635e+01
4.193483e+01
3.576640e+01
3.382893e+01
2.883272e+01
2.726691e+01
2.322754e+01
2.196464e+01
1.870356e+01
1.768595e+01
1.505399e+01
1.423512e+01
1.211301e+01
1.145459e+01
9.743377e+00
9.213760e+00
7.832646e+00
7.406557e+00
6.291032e+00
5.947896e+00
5.046858e+00
4.770745e+00
4.045186e+00
3.823634e+00
3.240852e+00
3.063231e+00
2.595052e+00
2.452595e+00
2.075764e+00
1.961188e+00
1.657329e+00
1.565121e+00
1.320435e+00
1.246250e+00
1.049611e+00
9.900809e-01
8.317874e-01
7.838136e-01
6.559750e-01
6.173227e-01
5.148087e-01
4.839380e-01
4.025930e-01
3.782380e-01
3.148729e-01
2.959771e-01
2.468936e-01
2.322119e-01
1.939840e-01
1.825137e-01
1.524914e-01
1.434542e-01
1.197678e-01
1.126355e-01
9.394456e-02
8.830706e-02
7.351019e-02
6.904599e-02
5.733661e-02
5.380614e-02
4.455647e-02
4.177436e-02
3.452306e-02
3.235039e-02
2.670196e-02
2.501101e-02
2.061785e-02
1.930437e-02
1.588930e-02
1.486937e-02
1.222005e-02
1.142908e-02
9.374649e-03
8.761061e-03
7.172797e-03
6.699112e-03
5.475850e-03
5.110820e-03
4.164608e-03
3.881439e-03
3.149370e-03
2.931657e-03
2.375269e-03
2.210234e-03
1.789989e-03
1.665711e-03
1.353836e-03
1.261855e-03
1.030006e-03
9.612053e-04
7.878578e-04
7.363877e-04
6.068246e-04
5.681528e-04
4.678268e-04
4.378856e-04
3.622101e-04
3.395212e-04
2.820676e-04
2.647986e-04
2.209162e-04
2.077151e-04
1.740013e-04
1.638760e-04
1.378039e-04
#End pressure, now the table:
